100
2 1
500 300
900
660
2 1
500 300
1500
809
2 2
50 100
450 449
1100 1101
2 1
500 300
300
500
1 8
10
11 13 17 11 16 14 12 18
1 1
170185
580396
1 4
5
8736 499 2011 6500
1 7
2
2538 2400 2360 2640 2529 2640 2400
1 8
3
3 3 3 27 3 3 27 3
2 8
9 3
81 19 9 54 63 27 9 81
18 33 3 6 21 9 33 3
2 8
6 8
6 54 6 6 6 6 6 6
8 8 8 8 8 8 88 8
2 8
10 1
15581 16950 17010 17054 17549 15300 15300 15447
1870 1870 1653 1788 1824 1695 1701 1763
1 5
2
799 382 1000 627 220
1 3
1000000
900000 900001 899999
2 8
8 10
44 64 8 88 88 16 37 48
48 9 90 90 54 80 61 20
1 1
9
12150
2 7
1 8
7 2 8 3 9 2 4
64 17 26 53 17 32 88
2 3
9 8
9962 9720 10836
10560 8995 9632
1 5
235412
999864 675724 890597 821398 877680
2 8
2 1
8 4 12 6 18 15 10 22
11 5 9 3 2 7 6 4
1 3
73902
975465 816513 938102
2 2
1 2
400 439
800 814
1 2
7
17616 15857
2 7
584 296917
766844 876308 642627 552936 971459 845403 794370
180712 997473 661510 503265 494632 253455 669289
1 8
10
3 7 4 8 5 1 2 6
1 6
10
23406 4000 25558 17000 10800 17230
2 8
152920 306905
807468 557714 903582 954006 989807 448148 830867 883263
943239 897877 962650 994275 750643 653177 943127 859938
1 3
1
1974 1800 1942
2 8
7 8
1487 11851 770 14000 8867 6009 16800 4620
1665 6761 4320 19200 720 13125 16000 8748
1 4
1
100 283 440 214
2 2
304313 180823
532346 300209
944944 816698
1 7
3
810 990 832 947 912 906 846
2 2
8 8
1582 878
1511 833
2 1
2 9
180
990
2 8
1 1
1000000 999999 999998 999997 999996 999995 999994 999993
999992 999991 999990 999989 999988 999987 999986 999985
2 2
2 4
2000 2200
3600 4000
2 6
255652 675809
971281 701155 736918 787228 998671 861146
732413 929501 479544 375344 856818 969415
1 1
3
3060
2 2
8 1
7494 8800
913 900
2 5
6 1
1088 2160 566 1800 3014
100 300 200 548 440
2 8
5 3
2500 3603 1428 3578 450 1039 3300 2029
848 1246 330 2238 1620 602 2286 1500
2 8
9 9
4508 990 7200 2700 5743 3472 1812 5940
2700 4861 4860 3281 810 6494 1831 7200
2 1
10 1
23382
2544
2 8
558683 478036
667781 521554 698451 689721 864503 966220 998749 886168
883092 552966 172368 952869 895652 993003 875565 705013
2 8
122742 210768
928605 959650 544590 784363 995808 840362 757530 615075
757478 709101 150992 417002 206945 945390 992454 696071
1 4
10
41 46 110 68
1 4
2
10 18 12 11
2 1
10 6
900
660
1 4
23774
849378 943396 393086 816477
1 4
9
2970 2744 2682 2852
2 2
7 7
28 38
38 28
2 2
8 5
868 1731
1045 529
2 8
8 5
16800 17780 16242 18480 16800 17809 18339 15283
9450 10500 11347 10500 10563 11141 10428 9473
1 6
4
7200 7761 6480 6828 7099 7200
1 3
2
2860 2812 2348
2 2
8 8
6200 6400
6960 6400
2 8
8 9
8 8 72 8 72 8 8 8
9 9 9 99 9 99 9 9
2 8
1 1
2169 2396 2395 2169 2417 2576 2222 2298
2396 2158 2354 2261 2651 2395 2651 2536
1 4
751663
791783 969606 822171 839199
2 8
9 8
36 36 81 36 99 35 9 51
8 88 32 32 45 72 31 31
2 1
9 10
9
11
1 6
4
7610 7600 7600 8360 8259 7271
1 8
8
12284 10800 11501 12000 10800 12232 12477 12225
1 7
6
1200 1085 12472 11340 14447 8501 621
1 6
3
3000 1100 8116 4860 6671 1098
2 1
5 10
5
11
1 8
4
2934 2336 1080 369 2000 1453 3520 835
1 1
7
18041
1 7
6993
636927 930008 899858 934977 699298 904782 972740
2 2
2 7
8 11
29 34
1 1
4
6600
2 1
5 8
5611
9109
2 1
3 10
3780
15400
1 6
8
72 72 56 53 44 8
1 7
5
7841 8250 7055 8100 7233 7500 7661
2 6
539243 125056
983055 988097 456881 998695 733822 843994
895231 711142 861100 900990 921206 634703
1 8
4
2388 2554 2387 2496 2640 2539 2640 2487
1 4
6
1955 1980 9263 5400
1 7
2
8 14 22 13 14 4 2
2 8
10 4
6455 3300 5000 1924 6334 1014 7200 3934
3520 1476 406 2000 3002 795 2492 1080
2 3
5 1
45 5 5
11 1 1
2 7
5 3
4500 1500 9062 11987 3457 5400 9861
3960 5236 900 3300 6062 2063 7276
2 8
6 1
11099 11173 10800 12864 12212 12030 10800 11655
2005 1890 2004 1865 2200 2136 2200 1948
2 8
6 1
4620 4315 4565 4168 3978 4295 4200 3780
769 636 630 770 656 695 630 700
1 4
5
10 55 27 5
2 7
21048 11662
896635 807591 999964 947316 836374 969831 809617
768067 894891 927721 946621 814687 776541 477359
2 1
10 3
5488
1683
2 6
4 4
1200 392 2181 1440 801 2189
814 1889 396 1200 2397 1760
2 1
10 4
90
44
1 2
10
18489 11000
2 7
95214 418010
821667 978312 821230 737374 723316 989644 673097
781940 996520 896508 788678 954726 969317 858899
1 2
10
17645 19800
2 7
9 8
6234 6323 6819 6300 6300 5670 6930
5040 6160 5600 5242 5600 6054 5122
1 8
5
25 41 5 27 10 55 16 45
2 3
4 6
6248 6989 5783
8927 9504 10198
2 3
5 8
12100 11182 10995
15840 19222 17592
2 8
247531 366234
755155 992854 892090 594173 921977 883394 987848 733748
833512 737011 852496 440681 820974 721664 690140 417720
2 8
10 7
9274 19144 20599 16573 2000 7000 5500 11000
1400 3150 11931 14499 15360 4900 6365 6300
2 6
5 9
2618 1016 1811 1500 450 2700
1967 3318 5940 990 4709 2700
1 4
3
1200 810 645 322
