100
4 4
1.4000
0.5000 0.7000 0.8000 0.6000
2 2
1.0000
0.0000 0.0000
2 2
0.0000
0.9000 0.8000
2 2
0.1000
0.4000 0.5000
50 50
17.8707
0.4961 0.6347 0.6209 0.6483 0.7327 0.4340 0.4089 0.7201 0.3357 0.2399 0.0783 0.7876 0.0852 0.3166 0.2745 0.9113 0.9119 0.7849 0.8346 0.6252 0.1421 0.3051 0.0247 0.6898 0.9585 0.0850 0.7572 0.7150 0.5755 0.4280 0.7589 0.0422 0.7137 0.6027 0.3903 0.6111 0.9344 0.8790 0.4092 0.7376 0.8102 0.0983 0.2062 0.2580 0.6300 0.8082 0.6374 0.9432 0.7013 0.2882
49 49
19.7971
0.2545 0.1506 0.7879 0.5420 0.1888 0.9491 0.2888 0.0947 0.4323 0.0972 0.2557 0.2758 0.9647 0.8802 0.4703 0.7907 0.6373 0.2417 0.5995 0.2189 0.2014 0.6262 0.5321 0.5498 0.2605 0.8591 0.0463 0.1692 0.5994 0.5034 0.0930 0.6824 0.7250 0.2378 0.0762 0.0923 0.2234 0.2565 0.8496 0.8900 0.6160 0.9310 0.5316 0.5346 0.9190 0.5578 0.8054 0.6607 0.3566
46 46
14.6072
0.6815 0.8505 0.2642 0.9494 0.1972 0.8933 0.0964 0.2319 0.9191 0.3938 0.1989 0.9688 0.7024 0.9690 0.2042 0.7826 0.0364 0.9772 0.6871 0.0673 0.9467 0.9029 0.1189 0.3846 0.9202 0.4484 0.6661 0.8816 0.8503 0.8056 0.5617 0.1373 0.4217 0.6035 0.2471 0.7658 0.3624 0.4071 0.0825 0.9702 0.3312 0.7605 0.0685 0.6364 0.1296 0.2401
47 47
17.6647
0.9315 0.3766 0.8569 0.6961 0.4478 0.5618 0.6373 0.8598 0.3278 0.0161 0.8629 0.2160 0.3919 0.6959 0.6250 0.4225 0.6829 0.1594 0.2149 0.9197 0.5359 0.3986 0.9410 0.0799 0.3303 0.4226 0.6442 0.4636 0.4510 0.4500 0.2899 0.7260 0.4900 0.4491 0.6535 0.7385 0.3748 0.4549 0.1831 0.9177 0.9677 0.8276 0.3790 0.7818 0.2501 0.0135 0.8907
2 2
0.3333
0.0000 0.0000
48 48
18.8928
0.8334 0.2428 0.5599 0.3178 0.2545 0.1683 0.8409 0.4428 0.3267 0.4298 0.6849 0.3431 0.1910 0.9801 0.1033 0.3872 0.8879 0.3871 0.8221 0.3919 0.3103 0.9527 0.8629 0.6776 0.4917 0.9915 0.8150 0.2136 0.3674 0.3475 0.5291 0.2838 0.0108 0.5054 0.0545 0.9098 0.6926 0.1293 0.3946 0.5903 0.6736 0.9383 0.2653 0.0690 0.1873 0.7112 0.8128 0.9960
50 50
0.0000
0.9999 0.9999 0.9999 0.9999 0.9999 0.9999 0.9999 0.9999 0.9999 0.9999 0.9999 0.9999 0.9999 0.9999 0.9999 0.9999 0.9999 0.9999 0.9999 0.9999 0.9999 0.9999 0.9999 0.9999 0.9999 0.9999 0.9999 0.9999 0.9999 0.9999 0.9999 0.9999 0.9999 0.9999 0.9999 0.9999 0.9999 0.9999 0.9999 0.9999 0.9999 0.9999 0.9999 0.9999 0.9999 0.9999 0.9999 0.9999 0.9999 0.9999
50 50
0.0000
0.0000 0.0000 0.0000 0.0000 0.0000 0.0000 0.0000 0.0000 0.0000 0.0000 0.0000 0.0000 0.0000 0.0000 0.0000 0.0000 0.0000 0.0000 0.0000 0.0000 0.0000 0.0000 0.0000 0.0000 0.0000 0.0000 0.0000 0.0000 0.0000 0.0000 0.0000 0.0000 0.0000 0.0000 0.0000 0.0000 0.0000 0.0000 0.0000 0.0000 0.0000 0.0000 0.0000 0.0000 0.0000 0.0000 0.0000 0.0000 0.0000 0.0000
48 48
16.8832
0.0632 0.1368 0.4291 0.5946 0.5196 0.4152 0.9593 0.5712 0.0676 0.8319 0.2134 0.2321 0.1584 0.7733 0.5314 0.5879 0.7805 0.7367 0.7675 0.7127 0.1804 0.3652 0.3643 0.2849 0.6493 0.3797 0.2574 0.5920 0.6490 0.2682 0.8352 0.6515 0.5087 0.3353 0.0716 0.9093 0.3524 0.8225 0.4408 0.3472 0.4093 0.8951 0.5153 0.0311 0.3523 0.2194 0.3242 0.8644
46 46
19.3178
0.4916 0.0815 0.1327 0.6361 0.3308 0.8089 0.7699 0.3906 0.0945 0.6262 0.2811 0.5432 0.4652 0.0212 0.9117 0.5464 0.1808 0.3930 0.3163 0.0462 0.8271 0.9702 0.1028 0.7750 0.5911 0.0694 0.5151 0.2081 0.4336 0.6208 0.7844 0.3181 0.3881 0.1293 0.3889 0.0542 0.3311 0.6556 0.5687 0.5826 0.3702 0.5785 0.7689 0.3359 0.9524 0.9662
45 45
19.3173
0.9736 0.9100 0.3268 0.8747 0.1700 0.5874 0.5772 0.2962 0.4277 0.0003 0.5735 0.2399 0.8211 0.5556 0.1468 0.2783 0.6585 0.7360 0.8369 0.7186 0.0015 0.9594 0.8703 0.8294 0.8845 0.7110 0.1381 0.2429 0.3740 0.8212 0.5094 0.4905 0.0915 0.3188 0.5224 0.7129 0.1586 0.0611 0.0001 0.7451 0.9040 0.4341 0.6689 0.4294 0.2603
49 49
21.9979
0.2591 0.2533 0.4631 0.7028 0.0213 0.6864 0.0026 0.5678 0.6342 0.3490 0.8297 0.7993 0.7155 0.6644 0.0471 0.8279 0.5584 0.3249 0.9155 0.4537 0.5230 0.3629 0.9165 0.7780 0.0817 0.0744 0.6802 0.6227 0.8687 0.2893 0.3027 0.5121 0.2856 0.3821 0.3004 0.4807 0.9384 0.7991 0.5957 0.0454 0.9779 0.6134 0.6164 0.9235 0.2851 0.9774 0.3405 0.7179 0.4321
50 50
0.0000
0.8700 0.8700 0.8700 0.8700 0.8700 0.8700 0.8700 0.8700 0.8700 0.8700 0.8700 0.8700 0.8700 0.8700 0.8700 0.8700 0.8700 0.8700 0.8700 0.8700 0.8700 0.8700 0.8700 0.8700 0.8700 0.8700 0.8700 0.8700 0.8700 0.8700 0.8700 0.8700 0.8700 0.8700 0.8700 0.8700 0.8700 0.8700 0.8700 0.8700 0.8700 0.8700 0.8700 0.8700 0.8700 0.8700 0.8700 0.8700 0.8700 0.8700
1 1
0.0000
1.0000
46 46
18.0879
0.8367 0.6004 0.9293 0.5414 0.6992 0.3253 0.3096 0.1220 0.7549 0.1993 0.3303 0.6814 0.5859 0.2707 0.1637 0.9157 0.6039 0.0275 0.0634 0.2963 0.6452 0.4369 0.5599 0.5320 0.6459 0.2420 0.9191 0.8089 0.2799 0.1212 0.9491 0.6770 0.8956 0.2970 0.2165 0.8348 0.2916 0.6527 0.4803 0.6679 0.8767 0.2592 0.8886 0.2228 0.7624 0.9988
50 50
0.6901
0.1546 0.9318 0.2665 0.0539 0.5983 0.0770 0.9438 0.3724 0.8733 0.2443 0.0857 0.8764 0.7205 0.8928 0.6986 0.1224 0.7417 0.2187 0.1842 0.8091 0.3158 0.2108 0.7744 0.2215 0.7255 0.6196 0.6598 0.3483 0.7951 0.6915 0.8871 0.9641 0.7742 0.0863 0.8265 0.3512 0.5109 0.5160 0.0932 0.3303 0.1761 0.6759 0.1090 0.7287 0.5154 0.2683 0.0507 0.2791 0.9926 0.3337
1 1
0.5000
0.5000
50 50
23.4021
0.3647 0.1443 0.1960 0.0251 0.2585 0.6976 0.2370 0.3890 0.5640 0.8563 0.4964 0.8563 0.9701 0.4589 0.6084 0.6397 0.2729 0.3200 0.9417 0.7509 0.7645 0.4123 0.8741 0.4984 0.2695 0.4485 0.0375 0.8677 0.1244 0.3494 0.3718 0.2465 0.6688 0.5010 0.3767 0.5687 0.9998 0.6386 0.9578 0.5056 0.2545 0.9083 0.7116 0.3600 0.8868 0.3209 0.9579 0.6988 0.1618 0.2785
45 45
20.7908
0.1982 0.2888 0.0403 0.3915 0.0482 0.4364 0.7395 0.7553 0.1606 0.5397 0.4827 0.3831 0.0217 0.6763 0.3719 0.7532 0.9846 0.6753 0.1021 0.0736 0.4957 0.9982 0.5340 0.2121 0.0724 0.6051 0.1977 0.3530 0.9108 0.7932 0.7208 0.5561 0.3704 0.4808 0.0137 0.5039 0.1413 0.2974 0.1713 0.6608 0.6927 0.9656 0.1260 0.6072 0.9596
46 46
14.7761
0.9191 0.1911 0.2188 0.1899 0.6230 0.9541 0.4270 0.6757 0.6393 0.9256 0.9806 0.9385 0.5471 0.7986 0.9650 0.2655 0.3446 0.6812 0.5414 0.7009 0.5966 0.4858 0.6995 0.7683 0.0630 0.9736 0.4521 0.3548 0.7708 0.8052 0.7089 0.0752 0.6234 0.7723 0.3138 0.7128 0.6300 0.8167 0.4440 0.4120 0.1049 0.6905 0.4070 0.3779 0.4797 0.7143
46 46
15.3867
0.7399 0.4373 0.5918 0.5527 0.7278 0.0133 0.0347 0.5878 0.5553 0.8359 0.1077 0.8803 0.9467 0.5694 0.1913 0.4041 0.1566 0.2637 0.7858 0.8125 0.7466 0.5766 0.4087 0.3480 0.4389 0.2781 0.3809 0.8103 0.5789 0.9568 0.7648 0.5384 0.3799 0.9496 0.4677 0.5636 0.0129 0.2615 0.7731 0.3879 0.1820 0.9512 0.8528 0.7885 0.8523 0.8105
50 50
17.8402
0.3999 0.1637 0.2848 0.4044 0.0393 0.2940 0.1691 0.8285 0.5816 0.5318 0.1103 0.9371 0.8296 0.3132 0.6919 0.3751 0.4052 0.4991 0.7995 0.7570 0.8610 0.2361 0.6563 0.8278 0.0646 0.2957 0.1303 0.0166 0.5900 0.7116 0.5103 0.1797 0.2294 0.7948 0.5369 0.1272 0.6150 0.1986 0.6486 0.1001 0.9838 0.7558 0.7320 0.3019 0.6098 0.8189 0.9693 0.2274 0.6179 0.7071
47 47
17.4741
0.4426 0.5358 0.7237 0.8891 0.3267 0.0144 0.6650 0.1267 0.3301 0.5629 0.1890 0.2219 0.7066 0.8355 0.4782 0.8204 0.3236 0.2534 0.6236 0.9285 0.8403 0.0358 0.5476 0.8284 0.2462 0.1556 0.2384 0.8247 0.0267 0.7695 0.7337 0.4503 0.6172 0.7506 0.0572 0.6602 0.0996 0.7896 0.9251 0.5572 0.9958 0.5536 0.2247 0.1669 0.0408 0.4331 0.4446
1 1
0.3333
0.5000
50 50
0.0000
0.8765 0.8765 0.8765 0.8765 0.8765 0.8765 0.8765 0.8765 0.8765 0.8765 0.8765 0.8765 0.8765 0.8765 0.8765 0.8765 0.8765 0.8765 0.8765 0.8765 0.8765 0.8765 0.8765 0.8765 0.8765 0.8765 0.8765 0.8765 0.8765 0.8765 0.8765 0.8765 0.8765 0.8765 0.8765 0.8765 0.8765 0.8765 0.8765 0.8765 0.8765 0.8765 0.8765 0.8765 0.8765 0.8765 0.8765 0.8765 0.8765 0.8765
48 48
16.3842
0.7731 0.9261 0.7109 0.4560 0.1343 0.4904 0.1952 0.4609 0.5090 0.0814 0.1404 0.4133 0.7921 0.1498 0.3597 0.5859 0.4761 0.9668 0.4366 0.4386 0.5392 0.9922 0.8229 0.4079 0.1031 0.3266 0.6637 0.3471 0.9454 0.0481 0.3894 0.9045 0.0474 0.6505 0.7427 0.1000 0.5007 0.4840 0.8206 0.8776 0.4243 0.8280 0.0340 0.4032 0.1020 0.1144 0.8116 0.7174
50 50
15.6600
0.9775 0.0841 0.7138 0.5366 0.1465 0.0633 0.9086 0.9183 0.2030 0.0562 0.5832 0.9391 0.5953 0.1306 0.1342 0.8600 0.7253 0.6320 0.6220 0.3484 0.6109 0.1628 0.8952 0.5196 0.7962 0.7457 0.3063 0.0951 0.5905 0.4708 0.5633 0.7171 0.0924 0.5789 0.5255 0.6408 0.4573 0.9208 0.8535 0.9871 0.6794 0.5745 0.0629 0.3504 0.8709 0.7832 0.3241 0.4355 0.7850 0.6853
50 50
33.3350
0.3333 0.3333 0.3333 0.3333 0.3333 0.3333 0.3333 0.3333 0.3333 0.3333 0.3333 0.3333 0.3333 0.3333 0.3333 0.3333 0.3333 0.3333 0.3333 0.3333 0.3333 0.3333 0.3333 0.3333 0.3333 0.3333 0.3333 0.3333 0.3333 0.3333 0.3333 0.3333 0.3333 0.3333 0.3333 0.3333 0.3333 0.3333 0.3333 0.3333 0.3333 0.3333 0.3333 0.3333 0.3333 0.3333 0.3333 0.3333 0.3333 0.3333
46 46
23.8116
0.2830 0.1786 0.6709 0.2799 0.4499 0.2766 0.9917 0.3292 0.9401 0.8118 0.0973 0.0189 0.2087 0.6553 0.0678 0.7184 0.4097 0.6618 0.0870 0.1548 0.3767 0.2457 0.8642 0.5248 0.6599 0.4853 0.5323 0.1793 0.6923 0.0707 0.7806 0.4568 0.3253 0.1214 0.4088 0.0669 0.4153 0.5856 0.4058 0.6252 0.7752 0.2077 0.6626 0.7119 0.6538 0.0709
47 47
22.2976
0.1655 0.2874 0.5401 0.3402 0.3280 0.7009 0.1918 0.6654 0.6160 0.0948 0.6853 0.4872 0.2073 0.7297 0.4048 0.3319 0.3953 0.9750 0.0096 0.3276 0.1720 0.0145 0.1294 0.3154 0.4452 0.2862 0.2959 0.6518 0.8878 0.2324 0.9724 0.4924 0.5360 0.9261 0.7367 0.2412 0.7090 0.2267 0.2105 0.0607 0.4403 0.7917 0.6284 0.5821 0.5585 0.1152 0.2507
47 47
20.6655
0.6072 0.2993 0.5410 0.6089 0.8321 0.8399 0.7399 0.9451 0.9770 0.9564 0.1725 0.8456 0.2243 0.9684 0.2257 0.0679 0.1381 0.1469 0.0078 0.9521 0.4312 0.0250 0.9103 0.3318 0.9931 0.2750 0.3593 0.7553 0.0932 0.7668 0.2632 0.7327 0.5484 0.9657 0.6852 0.0403 0.8925 0.8353 0.5214 0.4238 0.0161 0.9988 0.9916 0.5020 0.6110 0.0246 0.0444
46 46
15.2839
0.7641 0.7131 0.4526 0.5675 0.5338 0.6814 0.6841 0.1956 0.8087 0.7607 0.3719 0.7641 0.0272 0.6122 0.5565 0.5723 0.1764 0.7439 0.3458 0.9897 0.7639 0.9538 0.5730 0.4548 0.5121 0.8914 0.7686 0.9631 0.8106 0.0740 0.8375 0.6873 0.6911 0.2269 0.0135 0.0160 0.2634 0.1449 0.2827 0.1135 0.9729 0.3244 0.7178 0.4595 0.6859 0.4079
50 50
20.7120
0.7119 0.5854 0.8202 0.0640 0.1349 0.0012 0.2098 0.4259 0.9626 0.6670 0.8372 0.0781 0.7343 0.4845 0.1801 0.5676 0.6185 0.5237 0.5673 0.5272 0.5746 0.7212 0.2937 0.2384 0.6203 0.4331 0.1158 0.4516 0.7840 0.3135 0.4774 0.9821 0.5886 0.9740 0.6080 0.3209 0.2441 0.5113 0.6624 0.0054 0.9963 0.3277 0.2727 0.5149 0.1094 0.4105 0.2598 0.2669 0.6079 0.4391
49 49
18.1684
0.9458 0.0094 0.2564 0.5398 0.2689 0.3313 0.8665 0.5291 0.4022 0.2109 0.8311 0.8888 0.8060 0.2290 0.8314 0.8462 0.4443 0.1977 0.5003 0.4764 0.0579 0.9902 0.6560 0.6370 0.3855 0.2384 0.1569 0.4221 0.2059 0.8624 0.8922 0.0922 0.2211 0.5406 0.3871 0.9822 0.8357 0.1337 0.2253 0.5224 0.7379 0.9740 0.8295 0.5784 0.3172 0.9546 0.8436 0.6281 0.3780
4 4
1.3999
0.5000 0.6000 0.8000 0.7000
46 46
13.6718
0.8550 0.4398 0.7695 0.2329 0.7208 0.0463 0.0225 0.6237 0.8398 0.7006 0.8211 0.2478 0.9540 0.7276 0.6905 0.4893 0.1837 0.9611 0.4891 0.7992 0.8204 0.9719 0.9462 0.7382 0.9937 0.9700 0.4481 0.6850 0.3877 0.5302 0.7891 0.1766 0.3056 0.4983 0.8705 0.4649 0.0747 0.8848 0.6009 0.3191 0.2345 0.5021 0.4749 0.9717 0.7986 0.7238
50 50
50.0000
0.0000 0.0000 0.0000 0.0000 0.0000 0.0000 0.0000 0.0000 0.0000 0.0000 0.0000 0.0000 0.0000 0.0000 0.0000 0.0000 0.0000 0.0000 0.0000 0.0000 0.0000 0.0000 0.0000 0.0000 0.0000 0.0000 0.0000 0.0000 0.0000 0.0000 0.0000 0.0000 0.0000 0.0000 0.0000 0.0000 0.0000 0.0000 0.0000 0.0000 0.0000 0.0000 0.0000 0.0000 0.0000 0.0000 0.0000 0.0000 0.0000 0.0000
2 2
0.3333
0.5000 0.5000
47 47
2.2784
0.3553 0.9917 0.2346 0.5550 0.6852 0.8193 0.1277 0.3204 0.2816 0.1637 0.4495 0.8419 0.7958 0.4923 0.1005 0.3084 0.9460 0.8278 0.9042 0.0239 0.7939 0.3635 0.8489 0.6483 0.6587 0.1539 0.7511 0.3364 0.1902 0.6562 0.1427 0.8840 0.5519 0.1259 0.1370 0.9963 0.0708 0.6506 0.1664 0.8156 0.9770 0.4354 0.1305 0.7586 0.6641 0.1028 0.9056
50 50
22.1592
0.4322 0.8393 0.3044 0.2520 0.6387 0.1101 0.5762 0.5136 0.9449 0.7586 0.6904 0.3139 0.5200 0.3171 0.6690 0.5123 0.7195 0.5231 0.4632 0.9885 0.2815 0.2804 0.5243 0.9793 0.0505 0.4947 0.0728 0.7929 0.7702 0.0857 0.5610 0.9462 0.2586 0.8515 0.1135 0.7592 0.5819 0.7278 0.6088 0.4803 0.0193 0.7477 0.2098 0.5569 0.1034 0.0878 0.1488 0.5098 0.6194 0.9017
50 50
0.0049
0.9999 0.9999 0.9999 0.9999 0.9999 0.9999 0.9999 0.9999 0.9999 0.9999 0.9999 0.9999 0.9999 0.9999 0.9999 0.9999 0.9999 0.9999 0.9999 0.9999 0.9999 0.9999 0.9999 0.9999 0.9999 0.9999 0.9999 0.9999 0.9999 0.9999 0.9999 0.9999 0.9999 0.9999 0.9999 0.9999 0.9999 0.9999 0.9999 0.9999 0.9999 0.9999 0.9999 0.9999 0.9999 0.9999 0.9999 0.9999 0.9999 0.9999
46 46
19.9368
0.6269 0.7510 0.4240 0.2428 0.5411 0.3618 0.6419 0.2473 0.8342 0.1829 0.4770 0.6401 0.2866 0.6427 0.3560 0.0976 0.2397 0.1807 0.9796 0.2177 0.9962 0.9940 0.8944 0.1559 0.1454 0.8900 0.2524 0.0478 0.4964 0.6198 0.1152 0.9066 0.2599 0.0236 0.3713 0.2673 0.1159 0.8334 0.5834 0.0203 0.2726 0.3247 0.3344 0.8644 0.6789 0.6477
50 50
20.1888
0.8023 0.6051 0.4642 0.1344 0.3126 0.5795 0.3213 0.4600 0.0131 0.3347 0.7182 0.3108 0.4101 0.2461 0.2343 0.7367 0.3777 0.8930 0.1914 0.0693 0.0043 0.5774 0.6182 0.6604 0.1170 0.8746 0.3862 0.5394 0.0390 0.8328 0.4248 0.7486 0.4175 0.2813 0.7003 0.7174 0.1308 0.8257 0.1294 0.8526 0.7029 0.2223 0.5964 0.7793 0.4220 0.2393 0.1882 0.1606 0.4888 0.6084
48 48
19.3298
0.0944 0.6688 0.4887 0.0663 0.7613 0.8633 0.5161 0.9867 0.5009 0.7373 0.8682 0.3741 0.4417 0.2314 0.4807 0.3781 0.6667 0.3332 0.5544 0.6182 0.8933 0.6276 0.1098 0.0229 0.0724 0.8057 0.0193 0.7333 0.1994 0.6449 0.5104 0.0560 0.5725 0.2845 0.5060 0.0103 0.3593 0.7755 0.5307 0.5310 0.3448 0.0351 0.4664 0.4285 0.9411 0.3167 0.4112 0.1369
45 45
21.4046
0.3013 0.3991 0.9934 0.4683 0.7106 0.5712 0.8744 0.8967 0.9110 0.8766 0.5865 0.8725 0.6698 0.2179 0.0242 0.6653 0.0598 0.0956 0.8324 0.4706 0.4626 0.0830 0.4077 0.9470 0.1514 0.5369 0.6811 0.5615 0.1513 0.8760 0.5852 0.7655 0.0674 0.0488 0.9162 0.3956 0.1836 0.4188 0.5454 0.6384 0.5114 0.4144 0.1272 0.7884 0.0420
46 46
16.4552
0.0780 0.5411 0.2938 0.3888 0.3955 0.2887 0.8643 0.4589 0.1366 0.5955 0.7760 0.1801 0.8808 0.0950 0.2542 0.4492 0.7409 0.9371 0.9297 0.6921 0.0158 0.6475 0.4847 0.5798 0.2319 0.4104 0.0687 0.3354 0.6648 0.1644 0.0518 0.4733 0.0444 0.1435 0.3625 0.2453 0.6161 0.3837 0.3221 0.6520 0.7844 0.9873 0.8889 0.5956 0.9584 0.9757
45 45
16.8572
0.2752 0.8864 0.8254 0.9469 0.5852 0.2900 0.8756 0.8786 0.2610 0.5436 0.3342 0.4864 0.5183 0.9948 0.0656 0.3275 0.6379 0.3888 0.7573 0.0799 0.9816 0.2883 0.0038 0.5225 0.1168 0.6919 0.1683 0.1608 0.3057 0.1835 0.8235 0.4516 0.4973 0.4000 0.4230 0.7389 0.4620 0.3952 0.8557 0.9834 0.8061 0.5574 0.7392 0.2422 0.2078
46 46
15.1625
0.5096 0.8667 0.1003 0.5439 0.5969 0.0133 0.5255 0.8194 0.7164 0.8480 0.8445 0.1731 0.5335 0.9057 0.5074 0.7766 0.5636 0.2066 0.2360 0.7383 0.7497 0.6136 0.9963 0.8421 0.7190 0.2714 0.2444 0.1101 0.9618 0.8703 0.4069 0.7699 0.4595 0.4338 0.0787 0.3730 0.1077 0.7312 0.9289 0.2580 0.7057 0.1828 0.9941 0.0072 0.5262 0.7493
50 50
18.5798
0.7682 0.9714 0.3107 0.3081 0.9844 0.2512 0.3895 0.6158 0.7951 0.7875 0.0835 0.1470 0.2467 0.5977 0.6658 0.2968 0.1453 0.0226 0.6565 0.9509 0.3298 0.8846 0.6188 0.4121 0.0165 0.3472 0.9399 0.4357 0.7971 0.1296 0.8778 0.3329 0.2132 0.1077 0.3938 0.4096 0.6388 0.5168 0.1781 0.0485 0.9170 0.2637 0.5672 0.4162 0.6898 0.8238 0.4749 0.6633 0.4703 0.3174
1 1
1.0000
0.0000
49 49
18.4313
0.3638 0.1760 0.1793 0.8626 0.4292 0.3508 0.2601 0.9581 0.2807 0.3567 0.6561 0.8837 0.1129 0.2504 0.9765 0.0808 0.0904 0.7031 0.7252 0.7777 0.7015 0.0710 0.1487 0.8336 0.0318 0.7338 0.7987 0.0583 0.6478 0.8839 0.0450 0.1748 0.5858 0.0892 0.7126 0.3059 0.2084 0.8088 0.5495 0.5298 0.1299 0.1324 0.3344 0.6176 0.6116 0.6292 0.9204 0.2422 0.9363
50 50
0.0000
0.3333 0.3333 0.3333 0.3333 0.3333 0.3333 0.3333 0.3333 0.3333 0.3333 0.3333 0.3333 0.3333 0.3333 0.3333 0.3333 0.3333 0.3333 0.3333 0.3333 0.3333 0.3333 0.3333 0.3333 0.3333 0.3333 0.3333 0.3333 0.3333 0.3333 0.3333 0.3333 0.3333 0.3333 0.3333 0.3333 0.3333 0.3333 0.3333 0.3333 0.3333 0.3333 0.3333 0.3333 0.3333 0.3333 0.3333 0.3333 0.3333 0.3333
2 2
0.5000
0.5000 0.5000
48 48
23.4173
0.0878 0.9161 0.4640 0.8384 0.8411 0.5032 0.6508 0.8163 0.6506 0.8135 0.1150 0.6210 0.1198 0.6934 0.3834 0.3626 0.2935 0.1549 0.1209 0.0878 0.4189 0.1721 0.0699 0.0789 0.0353 0.1898 0.6987 0.4620 0.6726 0.0670 0.2679 0.5402 0.6628 0.9623 0.7668 0.7354 0.6760 0.1597 0.5028 0.1574 0.0220 0.5107 0.3243 0.3288 0.9462 0.4432 0.6646 0.6103
48 48
23.0395
0.8879 0.0227 0.5066 0.5064 0.9991 0.8462 0.3077 0.4076 0.0261 0.4519 0.6039 0.2736 0.7849 0.2181 0.2175 0.1389 0.0342 0.5833 0.7346 0.2552 0.9496 0.0709 0.3978 0.7676 0.4296 0.9695 0.7543 0.4881 0.6324 0.6517 0.6910 0.0769 0.0628 0.2480 0.9738 0.6474 0.4939 0.1963 0.0937 0.2271 0.3847 0.0364 0.4166 0.1098 0.5704 0.5353 0.5788 0.3279
46 46
18.0810
0.6252 0.9442 0.1704 0.7449 0.3909 0.7882 0.9999 0.7451 0.3349 0.5997 0.3020 0.1432 0.3798 0.7970 0.7037 0.4702 0.4256 0.2634 0.9876 0.0129 0.3087 0.3210 0.6534 0.4271 0.3619 0.2054 0.7651 0.2611 0.2435 0.7894 0.1820 0.5690 0.5122 0.1490 0.0780 0.6663 0.0063 0.4519 0.9946 0.2540 0.4524 0.1169 0.7909 0.3564 0.3084 0.8592
45 45
18.5290
0.9465 0.8393 0.2834 0.5378 0.0037 0.2438 0.4295 0.8682 0.1689 0.2212 0.1756 0.2000 0.4714 0.6567 0.5724 0.8557 0.1811 0.8758 0.0599 0.6959 0.9222 0.0459 0.5280 0.1720 0.1960 0.9575 0.9420 0.5861 0.3914 0.8288 0.9613 0.3398 0.7111 0.8011 0.7207 0.4463 0.4372 0.1146 0.0806 0.6837 0.6153 0.6326 0.9469 0.7729 0.8150
45 45
22.6329
0.9583 0.1119 0.1169 0.0940 0.0529 0.7885 0.4341 0.9800 0.5142 0.0447 0.3300 0.3021 0.3116 0.3795 0.8278 0.2765 0.9025 0.0047 0.5311 0.3130 0.0184 0.9315 0.4660 0.4456 0.6343 0.4782 0.3107 0.1407 0.2558 0.2183 0.5551 0.1504 0.5803 0.8096 0.9403 0.7344 0.6776 0.5502 0.0463 0.8374 0.3314 0.9628 0.9352 0.8049 0.5563
50 50
18.7691
0.4507 0.3877 0.2200 0.8731 0.0855 0.3525 0.2183 0.4556 0.7814 0.2060 0.6489 0.5996 0.6984 0.8296 0.3702 0.7068 0.1838 0.1137 0.3197 0.2826 0.0370 0.0803 0.6297 0.6893 0.4320 0.3455 0.7802 0.6270 0.7884 0.3394 0.9898 0.9878 0.1015 0.6197 0.7119 0.1049 0.2153 0.5811 0.9930 0.8057 0.4258 0.3448 0.1372 0.3320 0.3355 0.6876 0.5556 0.7978 0.0821 0.2929
49 49
18.2074
0.6361 0.1862 0.5680 0.3639 0.3939 0.4395 0.6782 0.7814 0.4226 0.6817 0.3501 0.1281 0.4873 0.5585 0.9984 0.7333 0.9383 0.4915 0.9846 0.6814 0.3186 0.2406 0.5265 0.2686 0.0685 0.3419 0.5736 0.9860 0.7724 0.6726 0.1356 0.9277 0.6077 0.3342 0.1251 0.7781 0.3542 0.3201 0.0721 0.4042 0.8438 0.0859 0.9678 0.3348 0.7820 0.4876 0.4363 0.7500 0.3013
45 45
16.3477
0.6109 0.3194 0.3334 0.8064 0.7535 0.4285 0.7918 0.8184 0.7702 0.3356 0.2609 0.3267 0.0052 0.4968 0.2790 0.5777 0.9072 0.9393 0.7108 0.7592 0.1744 0.9881 0.3083 0.7371 0.3507 0.9965 0.3762 0.2017 0.2563 0.5646 0.1076 0.9904 0.5422 0.3239 0.5848 0.4023 0.7399 0.0630 0.6117 0.6847 0.0305 0.7789 0.7060 0.8684 0.7941
45 45
3.5904
0.5679 0.1036 0.8945 0.3892 0.7248 0.1272 0.5776 0.5221 0.8075 0.9111 0.4654 0.3085 0.3308 0.3448 0.3324 0.8268 0.1018 0.4581 0.3028 0.2361 0.4820 0.2414 0.4244 0.8465 0.7976 0.1824 0.3655 0.2692 0.6697 0.4520 0.5127 0.7122 0.4972 0.7715 0.1720 0.3880 0.7398 0.3252 0.4465 0.4568 0.6942 0.3233 0.1847 0.9563 0.4031
48 48
21.1671
0.4307 0.5740 0.1954 0.3041 0.7721 0.8217 0.2313 0.5373 0.3087 0.5809 0.9154 0.5424 0.0773 0.7613 0.2837 0.6661 0.5068 0.9397 0.1419 0.4322 0.0072 0.4288 0.5153 0.7148 0.7722 0.3852 0.2377 0.6316 0.3379 0.0958 0.8144 0.1268 0.0541 0.8067 0.0075 0.8660 0.1117 0.0495 0.1887 0.4811 0.6660 0.5452 0.7447 0.7726 0.2319 0.3507 0.2776 0.5659
49 49
2.2603
0.5165 0.4795 0.1679 0.7694 0.1329 0.8354 0.8378 0.2235 0.7481 0.6047 0.5337 0.4266 0.6873 0.6125 0.2831 0.4581 0.7064 0.2869 0.6942 0.5154 0.0852 0.2368 0.5347 0.2062 0.4379 0.7961 0.0739 0.0706 0.6857 0.4606 0.3850 0.1762 0.4856 0.7809 0.7444 0.7932 0.7001 0.3545 0.5352 0.3106 0.9229 0.8561 0.8691 0.5095 0.8491 0.2017 0.1160 0.7213 0.5509
47 47
25.8227
0.1025 0.9686 0.4991 0.1484 0.4219 0.2181 0.1815 0.7432 0.6890 0.6646 0.3056 0.7839 0.4206 0.1858 0.5636 0.5276 0.1385 0.8526 0.1218 0.2697 0.0982 0.1925 0.2603 0.7222 0.0102 0.3069 0.2347 0.9858 0.0772 0.4769 0.4533 0.7446 0.2581 0.5691 0.9461 0.2848 0.1605 0.8946 0.5162 0.4739 0.5637 0.2956 0.1128 0.5570 0.4432 0.3119 0.2170
46 46
16.9115
0.8300 0.7052 0.3705 0.9982 0.9019 0.4049 0.2409 0.8786 0.1301 0.4091 0.8702 0.4886 0.7543 0.0724 0.4278 0.8713 0.3851 0.2004 0.8720 0.3108 0.6785 0.1653 0.8800 0.3956 0.6644 0.2545 0.3738 0.2755 0.9745 0.4212 0.3016 0.5767 0.5742 0.2092 0.1033 0.7817 0.3729 0.0407 0.3685 0.6485 0.5545 0.5692 0.1679 0.3585 0.6256 0.6256
2 2
0.0000
1.0000 1.0000
46 46
16.0748
0.3008 0.2506 0.3965 0.7556 0.4659 0.0174 0.0609 0.3165 0.2479 0.6723 0.4939 0.6934 0.6998 0.0822 0.7891 0.6743 0.3452 0.2205 0.5346 0.6833 0.4362 0.3459 0.6231 0.7550 0.5040 0.4795 0.4040 0.4865 0.6689 0.7201 0.9386 0.0358 0.7069 0.1168 0.5954 0.6925 0.0164 0.8422 0.9135 0.4989 0.0201 0.4581 0.4555 0.4750 0.2421 0.7642
50 50
20.1433
0.1352 0.2424 0.7111 0.1128 0.9099 0.1436 0.5986 0.4597 0.0683 0.5752 0.6355 0.2955 0.0138 0.1360 0.8607 0.7066 0.6003 0.1207 0.9845 0.2915 0.6978 0.8828 0.9175 0.8519 0.0429 0.9078 0.2545 0.2082 0.4392 0.8237 0.5091 0.0821 0.7197 0.8834 0.4442 0.1770 0.6257 0.5180 0.0523 0.0775 0.3170 0.4270 0.1574 0.4514 0.0854 0.3092 0.3384 0.0889 0.7521 0.3620
45 45
17.9535
0.5805 0.6932 0.0211 0.3804 0.7659 0.9189 0.2495 0.9382 0.2531 0.1507 0.6423 0.8541 0.7234 0.7462 0.4072 0.5602 0.1806 0.7093 0.5741 0.5039 0.8644 0.8877 0.2408 0.0648 0.7253 0.7108 0.6845 0.8847 0.0390 0.3562 0.1709 0.8800 0.3538 0.9697 0.8497 0.0938 0.6449 0.3113 0.0143 0.9616 0.1218 0.8999 0.5070 0.2710 0.8857
49 49
19.5701
0.0362 0.3979 0.0798 0.7220 0.2831 0.6794 0.3784 0.6282 0.6725 0.9742 0.6113 0.8033 0.0478 0.5872 0.9010 0.6222 0.7545 0.7951 0.1717 0.3371 0.0246 0.4238 0.8619 0.6056 0.9263 0.4849 0.1789 0.1454 0.7787 0.8491 0.1295 0.4886 0.0087 0.7267 0.4400 0.2334 0.8831 0.8089 0.1818 0.0954 0.7382 0.3876 0.3288 0.2012 0.8242 0.9702 0.6123 0.3317 0.2226
48 48
19.7360
0.6316 0.5194 0.3920 0.2375 0.0993 0.7848 0.7802 0.7022 0.4798 0.6811 0.4410 0.9643 0.5442 0.0470 0.4529 0.5382 0.1759 0.2660 0.6032 0.3457 0.5340 0.9074 0.1382 0.3604 0.9412 0.4067 0.6350 0.3564 0.3555 0.1841 0.4721 0.9010 0.4327 0.2770 0.2733 0.3382 0.1827 0.6869 0.3171 0.6921 0.0594 0.9114 0.7351 0.9208 0.6216 0.8419 0.0076 0.3330
50 50
17.8655
0.9716 0.1325 0.8972 0.0363 0.8169 0.0263 0.1747 0.9336 0.1400 0.6668 0.7620 0.5332 0.9052 0.2457 0.6652 0.2386 0.6213 0.3256 0.8655 0.3525 0.7869 0.0694 0.4427 0.3706 0.9127 0.4017 0.6437 0.4056 0.5773 0.6698 0.5937 0.4976 0.0977 0.8982 0.1563 0.0403 0.9345 0.5186 0.7772 0.5777 0.5797 0.1828 0.3617 0.0660 0.9570 0.2705 0.6005 0.9131 0.3799 0.0232
48 48
20.5889
0.4157 0.7423 0.8857 0.6996 0.0944 0.0206 0.7351 0.3876 0.4806 0.6147 0.2727 0.7499 0.2544 0.5192 0.3686 0.3754 0.7784 0.8055 0.3664 0.8637 0.9132 0.2163 0.7138 0.8376 0.4004 0.3223 0.3438 0.2982 0.3991 0.0871 0.4570 0.5732 0.8220 0.1762 0.0223 0.0802 0.9830 0.3898 0.7357 0.1201 0.7561 0.9679 0.4698 0.7100 0.3963 0.1449 0.6166 0.7312
50 50
0.0050
0.9999 0.9999 0.9999 0.9999 0.9999 0.9999 0.9999 0.9999 0.9999 0.9999 0.9999 0.9999 0.9999 0.9999 0.9999 0.9999 0.9999 0.9999 0.9999 0.9999 0.9999 0.9999 0.9999 0.9999 0.9999 0.9999 0.9999 0.9999 0.9999 0.9999 0.9999 0.9999 0.9999 0.9999 0.9999 0.9999 0.9999 0.9999 0.9999 0.9999 0.9999 0.9999 0.9999 0.9999 0.9999 0.9999 0.9999 0.9999 0.9999 0.9999
46 46
18.9421
0.4602 0.8736 0.0342 0.4811 0.3431 0.0455 0.8305 0.3379 0.9761 0.5976 0.4166 0.5122 0.3008 0.1181 0.0091 0.0652 0.6636 0.4316 0.7198 0.2186 0.3171 0.6096 0.6827 0.0553 0.0301 0.7213 0.9218 0.9209 0.0053 0.4864 0.0498 0.1197 0.5791 0.8799 0.4096 0.4490 0.1052 0.9868 0.8695 0.7144 0.9131 0.6361 0.9130 0.4043 0.5517 0.7949
48 48
17.1356
0.5808 0.0269 0.4790 0.6936 0.2880 0.4299 0.4645 0.7445 0.2610 0.8837 0.0998 0.5688 0.4630 0.5682 0.2238 0.3148 0.3534 0.7425 0.7472 0.7157 0.0600 0.6515 0.0034 0.4203 0.6722 0.1664 0.3995 0.3024 0.9598 0.7938 0.1139 0.5538 0.5304 0.6774 0.6487 0.0288 0.2518 0.3859 0.3198 0.5987 0.3104 0.1893 0.9980 0.5917 0.4801 0.6079 0.4083 0.8612
48 48
17.1303
0.2712 0.2842 0.5505 0.7246 0.1242 0.6906 0.2197 0.4867 0.1209 0.4129 0.9447 0.5120 0.2299 0.4925 0.9829 0.5055 0.4328 0.5394 0.1797 0.9092 0.8190 0.0120 0.7183 0.9071 0.1546 0.7081 0.1848 0.1963 0.2511 0.0479 0.8212 0.1763 0.8538 0.2017 0.1036 0.7158 0.1653 0.8683 0.0795 0.3980 0.7030 0.5502 0.5886 0.1643 0.1525 0.6625 0.5077 0.9958
50 50
1.0000
0.3333 0.3333 0.3333 0.3333 0.3333 0.3333 0.3333 0.3333 0.3333 0.3333 0.3333 0.3333 0.3333 0.3333 0.3333 0.3333 0.3333 0.3333 0.3333 0.3333 0.3333 0.3333 0.3333 0.3333 0.3333 0.3333 0.3333 0.3333 0.3333 0.3333 0.3333 0.3333 0.3333 0.3333 0.3333 0.3333 0.3333 0.3333 0.3333 0.3333 0.3333 0.3333 0.3333 0.3333 0.3333 0.3333 0.3333 0.3333 0.3333 0.3333
50 50
22.6622
0.2852 0.3527 0.7137 0.3057 0.8722 0.0680 0.3855 0.3282 0.0126 0.1123 0.9218 0.8724 0.9163 0.7768 0.6351 0.1190 0.0828 0.6927 0.4641 0.7465 0.8309 0.0482 0.9770 0.1416 0.2370 0.2338 0.5218 0.6294 0.3661 0.1611 0.4308 0.9770 0.0587 0.6988 0.5307 0.9004 0.0613 0.8078 0.8253 0.4107 0.6845 0.4895 0.1001 0.7132 0.7638 0.1948 0.4082 0.9970 0.6389 0.6362
46 46
20.3888
0.7802 0.2672 0.4482 0.5597 0.7728 0.8956 0.4738 0.4339 0.7806 0.1997 0.9781 0.4311 0.2492 0.5024 0.1763 0.0924 0.6233 0.1956 0.6208 0.0870 0.8387 0.0793 0.0969 0.8819 0.5333 0.2451 0.7380 0.6937 0.9093 0.4489 0.0622 0.5318 0.2980 0.4965 0.0987 0.3362 0.2583 0.0815 0.3776 0.2310 0.2533 0.8017 0.8743 0.8403 0.5386 0.8175
47 47
0.5837
0.9160 0.6048 0.3682 0.4186 0.2976 0.3950 0.6586 0.3793 0.1457 0.1291 0.1213 0.6131 0.6248 0.0304 0.6696 0.5956 0.8207 0.5373 0.7012 0.0082 0.4096 0.8283 0.2756 0.5064 0.8177 0.5603 0.9137 0.7619 0.0343 0.2637 0.8003 0.5646 0.7335 0.8463 0.7999 0.8867 0.9918 0.4740 0.7167 0.4499 0.3154 0.2916 0.3602 0.7970 0.7741 0.8738 0.5026
45 45
18.8899
0.7239 0.1307 0.9621 0.2579 0.9075 0.4314 0.0610 0.8561 0.0234 0.1163 0.9764 0.9075 0.5177 0.5664 0.4091 0.9655 0.0219 0.4270 0.1094 0.4144 0.0868 0.5196 0.3364 0.0967 0.8465 0.0775 0.5543 0.5104 0.4948 0.8636 0.4364 0.6275 0.6192 0.9016 0.0546 0.4258 0.0926 0.4662 0.6953 0.2589 0.0982 0.1205 0.3545 0.1622 0.5456
48 48
21.1156
0.8489 0.8610 0.5223 0.1587 0.6420 0.5133 0.1045 0.8000 0.9668 0.2592 0.7461 0.8073 0.9297 0.4784 0.5158 0.3088 0.0411 0.4545 0.2625 0.1696 0.4667 0.3833 0.1366 0.1492 0.0385 0.8874 0.7998 0.1254 0.9180 0.5553 0.2413 0.7182 0.5313 0.5419 0.3757 0.9770 0.6944 0.7030 0.9411 0.0307 0.6372 0.4212 0.0561 0.0445 0.7098 0.4697 0.1212 0.1456
47 47
22.7448
0.6401 0.1404 0.2846 0.7650 0.6644 0.6494 0.3557 0.2274 0.8005 0.6026 0.0957 0.8158 0.9147 0.2804 0.9356 0.2599 0.4204 0.6515 0.2080 0.5551 0.5832 0.5509 0.1809 0.3322 0.2669 0.4655 0.1415 0.9307 0.3141 0.7090 0.1992 0.1299 0.7937 0.4852 0.8716 0.0283 0.1093 0.6217 0.1397 0.1643 0.7514 0.8566 0.7138 0.2723 0.7423 0.0159 0.4533
47 47
21.3802
0.6970 0.4287 0.1603 0.0918 0.9289 0.4688 0.2957 0.2526 0.2553 0.6312 0.2301 0.1269 0.5343 0.4133 0.3170 0.3468 0.1686 0.8689 0.1126 0.6684 0.1634 0.1992 0.2044 0.1690 0.2932 0.3255 0.7437 0.6615 0.9074 0.1172 0.6903 0.1709 0.4156 0.4926 0.1776 0.8537 0.7074 0.7384 0.2674 0.8128 0.4392 0.3612 0.0243 0.6785 0.4931 0.3421 0.7187
50 50
22.8767
0.6442 0.2433 0.4167 0.3816 0.7025 0.1561 0.6089 0.7652 0.0583 0.7696 0.3259 0.3198 0.7064 0.0547 0.8440 0.7858 0.8729 0.6169 0.5865 0.9891 0.6914 0.8398 0.1116 0.4009 0.7188 0.3860 0.3097 0.1102 0.4298 0.9322 0.0973 0.2136 0.9014 0.7149 0.9906 0.1658 0.5722 0.0308 0.3999 0.2366 0.1105 0.6136 0.1674 0.3406 0.6347 0.5523 0.4968 0.7663 0.3893 0.7772
50 50
1.0000
0.0000 0.0000 0.0000 0.0000 0.0000 0.0000 0.0000 0.0000 0.0000 0.0000 0.0000 0.0000 0.0000 0.0000 0.0000 0.0000 0.0000 0.0000 0.0000 0.0000 0.0000 0.0000 0.0000 0.0000 0.0000 0.0000 0.0000 0.0000 0.0000 0.0000 0.0000 0.0000 0.0000 0.0000 0.0000 0.0000 0.0000 0.0000 0.0000 0.0000 0.0000 0.0000 0.0000 0.0000 0.0000 0.0000 0.0000 0.0000 0.0000 0.0000
47 47
21.5084
0.9973 0.4622 0.9473 0.5816 0.5320 0.7534 0.9154 0.7241 0.3689 0.6201 0.8087 0.2618 0.8997 0.1398 0.0222 0.0706 0.0025 0.9534 0.9603 0.6980 0.7785 0.6003 0.2132 0.1413 0.0208 0.2152 0.2067 0.8725 0.4199 0.1222 0.0778 0.6548 0.1430 0.0703 0.5053 0.4846 0.0642 0.8944 0.4156 0.9001 0.2429 0.9898 0.6123 0.4251 0.8512 0.6023 0.6030
4 4
0.0001
0.0000 0.0000 0.0000 0.0000
50 50
0.0000
1.0000 1.0000 1.0000 1.0000 1.0000 1.0000 1.0000 1.0000 1.0000 1.0000 1.0000 1.0000 1.0000 1.0000 1.0000 1.0000 1.0000 1.0000 1.0000 1.0000 1.0000 1.0000 1.0000 1.0000 1.0000 1.0000 1.0000 1.0000 1.0000 1.0000 1.0000 1.0000 1.0000 1.0000 1.0000 1.0000 1.0000 1.0000 1.0000 1.0000 1.0000 1.0000 1.0000 1.0000 1.0000 1.0000 1.0000 1.0000 1.0000 1.0000
49 49
19.6211
0.9156 0.3558 0.2051 0.3365 0.0198 0.6370 0.3259 0.5917 0.8619 0.4387 0.6124 0.4874 0.4840 0.7874 0.2840 0.8637 0.6695 0.0360 0.2082 0.6981 0.5052 0.3714 0.3116 0.3176 0.9390 0.0258 0.6084 0.5274 0.4087 0.0460 0.3619 0.9413 0.3811 0.5108 0.6998 0.5453 0.3242 0.7655 0.2894 0.3882 0.5878 0.2004 0.0970 0.5473 0.9025 0.2615 0.2461 0.6930 0.1558
49 49
22.2653
0.7417 0.7100 0.9588 0.0916 0.7760 0.4874 0.4482 0.7785 0.5288 0.0476 0.6200 0.7918 0.0158 0.3152 0.3801 0.3386 0.4965 0.6623 0.9633 0.4584 0.4632 0.2960 0.9450 0.1411 0.6292 0.6336 0.6211 0.7604 0.9213 0.3658 0.9840 0.8786 0.1568 0.0824 0.5138 0.2484 0.1268 0.8609 0.4615 0.1612 0.9161 0.7139 0.4782 0.7669 0.1496 0.0256 0.7218 0.4251 0.0078
46 46
16.9077
0.0682 0.7391 0.2731 0.1882 0.1038 0.4141 0.4957 0.9265 0.2547 0.9451 0.1232 0.5203 0.2258 0.3154 0.4303 0.1594 0.0970 0.7988 0.5533 0.1803 0.8050 0.2969 0.3597 0.5981 0.9921 0.5995 0.9791 0.0697 0.7379 0.0535 0.6748 0.8244 0.3680 0.3884 0.3146 0.2384 0.0529 0.2702 0.6375 0.1662 0.9768 0.3889 0.9621 0.7755 0.1528 0.2020
50 50
15.6439
0.4281 0.4770 0.5902 0.8430 0.2837 0.8701 0.8453 0.5767 0.1395 0.8695 0.6772 0.4134 0.2033 0.1541 0.1800 0.4841 0.4501 0.5929 0.6146 0.1044 0.8263 0.9512 0.3504 0.5551 0.9301 0.9910 0.7789 0.3864 0.8256 0.2130 0.6316 0.6950 0.9320 0.8046 0.1986 0.0313 0.6340 0.6629 0.6204 0.5643 0.9040 0.6251 0.1938 0.2491 0.2177 0.5328 0.4603 0.5595 0.7953 0.0003
1 1
0.3333
0.0000
