100
4 4
1.4000
0.5000 0.7000 0.8000 0.6000
2 2
1.0000
0.0000 0.0000
2 2
0.0000
0.9000 0.8000
2 2
0.1000
0.4000 0.5000
1 1
0.3333
0.0000
47 47
21.6207
0.2044 0.6181 0.3112 0.0647 0.3535 0.3184 0.4728 0.5486 0.7950 0.6310 0.5870 0.3460 0.6515 0.7284 0.0228 0.3797 0.7063 0.0994 0.2311 0.7506 0.1892 0.4978 0.9905 0.8230 0.8198 0.0803 0.0593 0.0689 0.0461 0.3925 0.2409 0.5501 0.6652 0.4808 0.0205 0.2222 0.1880 0.7525 0.1372 0.4134 0.1676 0.4343 0.1370 0.8533 0.9865 0.2141 0.2384
45 45
16.1934
0.5188 0.1123 0.9451 0.0889 0.7941 0.7450 0.6886 0.2434 0.1251 0.2579 0.4689 0.3954 0.4376 0.6097 0.5899 0.3198 0.9743 0.3275 0.3937 0.5079 0.7434 0.1347 0.1842 0.2814 0.4272 0.6748 0.1517 0.8690 0.2486 0.3183 0.6383 0.1770 0.6659 0.1215 0.6051 0.9535 0.8325 0.7993 0.6580 0.6980 0.5142 0.9092 0.2805 0.8374 0.5094
2 2
0.5000
0.5000 0.5000
46 46
16.9439
0.0751 0.9348 0.0765 0.9971 0.7749 0.0504 0.8672 0.2645 0.8202 0.0907 0.7093 0.3425 0.4964 0.8598 0.2186 0.4331 0.1314 0.8181 0.9593 0.1661 0.4075 0.5065 0.0446 0.5483 0.0824 0.3036 0.5600 0.5830 0.5346 0.3526 0.8628 0.5625 0.4988 0.9064 0.1605 0.1493 0.8863 0.3508 0.5684 0.5670 0.9856 0.3213 0.4382 0.6746 0.8570 0.8574
48 48
18.7853
0.5605 0.0885 0.6244 0.2599 0.3566 0.8584 0.4230 0.4518 0.1276 0.0647 0.3194 0.7407 0.7923 0.8542 0.2995 0.8582 0.2543 0.5937 0.5519 0.2451 0.9119 0.6017 0.1031 0.3247 0.8640 0.0962 0.4245 0.8059 0.1690 0.8015 0.7095 0.6251 0.9525 0.5921 0.6189 0.1003 0.6375 0.2849 0.9195 0.0454 0.0398 0.9390 0.5355 0.7469 0.5226 0.4675 0.5538 0.4567
50 50
0.0000
0.8700 0.8700 0.8700 0.8700 0.8700 0.8700 0.8700 0.8700 0.8700 0.8700 0.8700 0.8700 0.8700 0.8700 0.8700 0.8700 0.8700 0.8700 0.8700 0.8700 0.8700 0.8700 0.8700 0.8700 0.8700 0.8700 0.8700 0.8700 0.8700 0.8700 0.8700 0.8700 0.8700 0.8700 0.8700 0.8700 0.8700 0.8700 0.8700 0.8700 0.8700 0.8700 0.8700 0.8700 0.8700 0.8700 0.8700 0.8700 0.8700 0.8700
49 49
21.3619
0.9912 0.5925 0.2804 0.4695 0.2111 0.4502 0.1839 0.0332 0.4119 0.0144 0.4180 0.4610 0.2576 0.2872 0.7962 0.3252 0.1602 0.8284 0.6039 0.0977 0.8957 0.7183 0.4165 0.4013 0.4060 0.2026 0.2501 0.9774 0.1327 0.4824 0.6124 0.6338 0.4415 0.9095 0.8136 0.1324 0.9467 0.1079 0.5139 0.0571 0.2193 0.1133 0.7325 0.5676 0.5777 0.5475 0.9809 0.8322 0.0084
48 48
18.0259
0.3972 0.1761 0.0974 0.2242 0.7820 0.9439 0.4602 0.7637 0.3778 0.2082 0.1089 0.5385 0.6341 0.7711 0.4616 0.6497 0.9890 0.3759 0.5322 0.7019 0.0783 0.3665 0.8981 0.2017 0.1405 0.4727 0.2824 0.1100 0.9779 0.2894 0.9226 0.0099 0.8361 0.3053 0.4837 0.4342 0.8902 0.9723 0.2124 0.1150 0.2389 0.9743 0.1995 0.0328 0.5846 0.6955 0.3751 0.4848
50 50
50.0000
0.0000 0.0000 0.0000 0.0000 0.0000 0.0000 0.0000 0.0000 0.0000 0.0000 0.0000 0.0000 0.0000 0.0000 0.0000 0.0000 0.0000 0.0000 0.0000 0.0000 0.0000 0.0000 0.0000 0.0000 0.0000 0.0000 0.0000 0.0000 0.0000 0.0000 0.0000 0.0000 0.0000 0.0000 0.0000 0.0000 0.0000 0.0000 0.0000 0.0000 0.0000 0.0000 0.0000 0.0000 0.0000 0.0000 0.0000 0.0000 0.0000 0.0000
46 46
15.6401
0.6407 0.1883 0.4334 0.5114 0.6290 0.2912 0.6177 0.8759 0.5162 0.0061 0.8325 0.5233 0.5224 0.8539 0.4699 0.0063 0.9774 0.5904 0.1775 0.7694 0.5004 0.3814 0.1421 0.0607 0.7804 0.0322 0.7239 0.9781 0.5121 0.4386 0.3837 0.5524 0.6504 0.5385 0.5257 0.8929 0.5299 0.1001 0.4840 0.4310 0.5711 0.4760 0.9207 0.1410 0.0354 0.7407
50 50
1.0000
0.3333 0.3333 0.3333 0.3333 0.3333 0.3333 0.3333 0.3333 0.3333 0.3333 0.3333 0.3333 0.3333 0.3333 0.3333 0.3333 0.3333 0.3333 0.3333 0.3333 0.3333 0.3333 0.3333 0.3333 0.3333 0.3333 0.3333 0.3333 0.3333 0.3333 0.3333 0.3333 0.3333 0.3333 0.3333 0.3333 0.3333 0.3333 0.3333 0.3333 0.3333 0.3333 0.3333 0.3333 0.3333 0.3333 0.3333 0.3333 0.3333 0.3333
45 45
3.5904
0.7715 0.1720 0.8268 0.4568 0.4244 0.5679 0.3252 0.1018 0.8465 0.4654 0.1272 0.9111 0.3880 0.4581 0.3028 0.8945 0.2414 0.7248 0.2692 0.6697 0.1847 0.4820 0.4031 0.7976 0.3448 0.4465 0.3233 0.1036 0.5221 0.7122 0.9563 0.5127 0.4972 0.3655 0.3308 0.3085 0.3892 0.3324 0.4520 0.5776 0.6942 0.1824 0.2361 0.7398 0.8075
50 50
20.1447
0.6655 0.6430 0.4561 0.0429 0.2375 0.3036 0.3157 0.9046 0.1739 0.4468 0.7215 0.9821 0.7662 0.4965 0.3975 0.2749 0.1564 0.3786 0.0635 0.5565 0.4962 0.1836 0.9165 0.6200 0.1961 0.8798 0.1835 0.8266 0.1541 0.3400 0.7871 0.3993 0.0403 0.3547 0.1448 0.1800 0.4592 0.2950 0.3308 0.7663 0.0007 0.8697 0.5950 0.4114 0.9806 0.4216 0.2661 0.5699 0.7592 0.8821
50 50
26.1205
0.8431 0.0569 0.2857 0.5335 0.2444 0.0269 0.2045 0.3580 0.6793 0.1408 0.6543 0.4515 0.0697 0.4883 0.7357 0.4134 0.7135 0.4246 0.2248 0.0175 0.1550 0.8437 0.0508 0.7047 0.4306 0.9798 0.0353 0.4530 0.3733 0.2073 0.5998 0.2268 0.9588 0.4188 0.7525 0.0217 0.0665 0.3934 0.5192 0.8698 0.0157 0.7667 0.0641 0.2710 0.8577 0.0065 0.0326 0.6163 0.6711 0.7463
48 48
19.6050
0.6608 0.0546 0.8185 0.2901 0.2543 0.3006 0.4000 0.5540 0.7173 0.5500 0.5803 0.8116 0.2005 0.9656 0.2200 0.2185 0.9924 0.8747 0.8557 0.2178 0.4314 0.8295 0.2740 0.7348 0.1357 0.9475 0.3422 0.5676 0.0658 0.0552 0.0267 0.6941 0.3536 0.6252 0.1054 0.3281 0.6503 0.1952 0.1787 0.1539 0.2472 0.5396 0.5915 0.4906 0.2344 0.3491 0.8402 0.6026
46 46
19.5494
0.7348 0.8439 0.3320 0.7867 0.2543 0.1152 0.7371 0.1534 0.2636 0.5690 0.8112 0.0282 0.5351 0.3742 0.2918 0.9358 0.5436 0.7703 0.9264 0.6107 0.6987 0.3301 0.6440 0.5857 0.5695 0.7074 0.4079 0.5039 0.8016 0.7360 0.0187 0.1188 0.2537 0.4766 0.9602 0.0312 0.7130 0.7231 0.4689 0.1443 0.8440 0.2441 0.9174 0.5253 0.9306 0.4166
46 46
19.7933
0.5763 0.0340 0.0002 0.5185 0.7352 0.2010 0.5803 0.3044 0.8121 0.3393 0.2292 0.2335 0.8900 0.4555 0.6280 0.4681 0.3981 0.1513 0.0106 0.1541 0.4306 0.5165 0.5600 0.7128 0.0963 0.2309 0.7158 0.8104 0.3147 0.7082 0.1267 0.6561 0.2492 0.1959 0.4665 0.9659 0.3111 0.1967 0.5206 0.8490 0.2858 0.5594 0.1864 0.2867 0.4589 0.1608
47 47
17.2118
0.1292 0.5152 0.3482 0.9498 0.1677 0.6910 0.5418 0.5985 0.0406 0.7539 0.2315 0.5915 0.0433 0.4613 0.9628 0.5261 0.9981 0.7553 0.8615 0.5810 0.4337 0.9085 0.8712 0.6568 0.0535 0.7343 0.8408 0.4544 0.7599 0.3304 0.5925 0.7958 0.0842 0.5516 0.2190 0.1959 0.6177 0.9105 0.4268 0.3196 0.2740 0.0909 0.0084 0.3137 0.1489 0.0567 0.3154
50 50
19.2115
0.4014 0.2212 0.3234 0.1291 0.9928 0.2045 0.1422 0.5659 0.0642 0.8956 0.6129 0.6330 0.4223 0.7028 0.5260 0.1523 0.5609 0.0314 0.7559 0.1523 0.9611 0.2805 0.1622 0.2773 0.9639 0.2741 0.2820 0.6814 0.2391 0.4835 0.4584 0.7377 0.0047 0.8201 0.9220 0.0714 0.6704 0.7285 0.1482 0.7484 0.8783 0.4168 0.4952 0.6703 0.5854 0.1454 0.4134 0.4153 0.6258 0.5306
45 45
16.4486
0.2041 0.4187 0.1637 0.0208 0.3910 0.2335 0.7600 0.8301 0.1901 0.2333 0.9194 0.1667 0.0404 0.1650 0.4839 0.4567 0.3911 0.5611 0.5131 0.5445 0.9877 0.9440 0.9971 0.4884 0.1714 0.7265 0.3338 0.0314 0.3881 0.5506 0.1643 0.9357 0.8404 0.8089 0.5364 0.6385 0.9214 0.6772 0.1940 0.1274 0.8553 0.5435 0.6650 0.2946 0.4860
49 49
21.4789
0.0359 0.7668 0.3743 0.7416 0.3106 0.5000 0.2195 0.2556 0.4359 0.9522 0.9491 0.3707 0.1048 0.7525 0.9584 0.3820 0.4527 0.4555 0.5256 0.9877 0.2470 0.9496 0.7305 0.9523 0.5217 0.9842 0.3949 0.6015 0.9722 0.5124 0.4205 0.6495 0.4195 0.6029 0.0853 0.4669 0.2055 0.9496 0.9106 0.5691 0.5811 0.2137 0.6033 0.9996 0.5447 0.3559 0.1803 0.1896 0.4309
50 50
16.5476
0.0446 0.0842 0.7145 0.9015 0.7309 0.3337 0.7201 0.5255 0.5588 0.8677 0.0354 0.5676 0.4279 0.7665 0.0951 0.5631 0.9189 0.2330 0.7573 0.2996 0.8574 0.5871 0.6541 0.4242 0.8860 0.6388 0.2212 0.0116 0.7369 0.3332 0.1795 0.9475 0.8968 0.3597 0.3896 0.0584 0.7636 0.8450 0.7935 0.9275 0.8920 0.0118 0.8615 0.5781 0.7713 0.0667 0.0988 0.4359 0.1138 0.4295
48 48
19.8279
0.0513 0.9215 0.2921 0.8382 0.2817 0.3166 0.0154 0.6837 0.4072 0.3679 0.2602 0.0813 0.9616 0.4626 0.3343 0.7222 0.4500 0.0725 0.6231 0.0650 0.4545 0.0027 0.7747 0.6427 0.1025 0.9429 0.0845 0.4416 0.6232 0.1508 0.8681 0.9928 0.0902 0.9360 0.2140 0.6145 0.5854 0.3571 0.3503 0.4635 0.6634 0.8632 0.5733 0.4121 0.3138 0.5006 0.4235 0.3576
48 48
19.2152
0.9474 0.8708 0.0323 0.1934 0.9422 0.2815 0.6561 0.0490 0.3805 0.9023 0.3071 0.2919 0.8984 0.3527 0.6005 0.2716 0.3027 0.3240 0.5868 0.0523 0.8961 0.9257 0.5853 0.2216 0.6237 0.5443 0.8084 0.2025 0.5202 0.4729 0.9425 0.3241 0.1762 0.2359 0.0991 0.9865 0.8731 0.6224 0.6909 0.3043 0.2635 0.3564 0.3195 0.9821 0.7397 0.0049 0.6592 0.2150
50 50
21.5917
0.6144 0.1365 0.4075 0.2524 0.6593 0.1415 0.1909 0.8691 0.1817 0.2382 0.8428 0.2536 0.2085 0.1338 0.8165 0.1760 0.6428 0.5650 0.4704 0.2547 0.4311 0.0258 0.7469 0.1139 0.4805 0.6410 0.6018 0.3686 0.7328 0.4413 0.9662 0.8165 0.9988 0.0160 0.0226 0.1344 0.5928 0.5032 0.8182 0.8246 0.8076 0.5384 0.7055 0.8290 0.4752 0.0586 0.6623 0.6365 0.1803 0.8787
2 2
0.3333
0.5000 0.5000
50 50
0.0000
0.9999 0.9999 0.9999 0.9999 0.9999 0.9999 0.9999 0.9999 0.9999 0.9999 0.9999 0.9999 0.9999 0.9999 0.9999 0.9999 0.9999 0.9999 0.9999 0.9999 0.9999 0.9999 0.9999 0.9999 0.9999 0.9999 0.9999 0.9999 0.9999 0.9999 0.9999 0.9999 0.9999 0.9999 0.9999 0.9999 0.9999 0.9999 0.9999 0.9999 0.9999 0.9999 0.9999 0.9999 0.9999 0.9999 0.9999 0.9999 0.9999 0.9999
49 49
23.5489
0.6318 0.2122 0.3411 0.4705 0.4467 0.4282 0.3057 0.2471 0.2092 0.4430 0.7648 0.8319 0.7749 0.6577 0.8466 0.8413 0.8120 0.1373 0.1398 0.9154 0.2194 0.6524 0.5696 0.4002 0.9994 0.0171 0.2260 0.7697 0.0452 0.7139 0.7794 0.5895 0.8601 0.2064 0.1013 0.4298 0.4720 0.5211 0.4213 0.5464 0.7851 0.8772 0.1251 0.0261 0.5605 0.5404 0.8669 0.9456 0.6833
50 50
0.0049
0.9999 0.9999 0.9999 0.9999 0.9999 0.9999 0.9999 0.9999 0.9999 0.9999 0.9999 0.9999 0.9999 0.9999 0.9999 0.9999 0.9999 0.9999 0.9999 0.9999 0.9999 0.9999 0.9999 0.9999 0.9999 0.9999 0.9999 0.9999 0.9999 0.9999 0.9999 0.9999 0.9999 0.9999 0.9999 0.9999 0.9999 0.9999 0.9999 0.9999 0.9999 0.9999 0.9999 0.9999 0.9999 0.9999 0.9999 0.9999 0.9999 0.9999
45 45
14.5581
0.6689 0.9477 0.6421 0.5568 0.0301 0.8735 0.9276 0.6428 0.8577 0.8321 0.1941 0.3622 0.3682 0.8777 0.6447 0.7879 0.8711 0.9046 0.5004 0.1088 0.6077 0.4314 0.7467 0.3121 0.8472 0.9140 0.6726 0.0413 0.9907 0.5046 0.8033 0.6346 0.1042 0.7233 0.9867 0.0652 0.8566 0.1611 0.2755 0.5939 0.3679 0.1988 0.4817 0.5794 0.4254
48 48
19.7364
0.5547 0.0316 0.7924 0.9462 0.9353 0.2999 0.4123 0.2526 0.8958 0.4927 0.1275 0.1489 0.6087 0.1371 0.9467 0.9021 0.4844 0.2063 0.2276 0.9876 0.3591 0.0877 0.4666 0.7825 0.1895 0.0837 0.1483 0.0844 0.6957 0.9132 0.1920 0.1463 0.5752 0.9973 0.9872 0.9634 0.2435 0.6711 0.8379 0.4839 0.9048 0.9848 0.5977 0.8509 0.2392 0.7002 0.3716 0.9034
45 45
17.1757
0.7712 0.5673 0.1633 0.4030 0.5074 0.1298 0.3245 0.2283 0.1487 0.1927 0.2721 0.6058 0.2622 0.2292 0.5512 0.6803 0.0770 0.6278 0.1182 0.7292 0.1977 0.3970 0.7915 0.9928 0.7623 0.7989 0.0085 0.1746 0.8317 0.1464 0.4329 0.4145 0.4348 0.2964 0.9635 0.8862 0.3310 0.8398 0.4180 0.1725 0.3681 0.0202 0.4189 0.9659 0.5407
46 46
14.9705
0.7228 0.4844 0.0922 0.1246 0.9832 0.8958 0.6428 0.7178 0.3188 0.3292 0.8136 0.2120 0.9615 0.8352 0.2716 0.6915 0.5421 0.9830 0.1725 0.2127 0.1433 0.4389 0.3049 0.9664 0.1523 0.4134 0.4425 0.1875 0.3650 0.2349 0.2955 0.4110 0.6997 0.9582 0.6518 0.7098 0.8038 0.1688 0.3037 0.7943 0.0800 0.6236 0.7295 0.5800 0.4790 0.8741
50 50
18.3589
0.3462 0.6364 0.5566 0.9131 0.2077 0.7317 0.6874 0.6985 0.8979 0.9560 0.8311 0.4588 0.5874 0.9695 0.0458 0.4845 0.5335 0.9439 0.1182 0.3718 0.7327 0.5618 0.0624 0.7623 0.7223 0.6503 0.6076 0.5772 0.5802 0.9881 0.3671 0.6154 0.8253 0.8716 0.5939 0.7475 0.1233 0.1311 0.6062 0.3719 0.6693 0.5408 0.0092 0.8768 0.7262 0.7020 0.7403 0.0223 0.9593 0.2777
2 2
0.3333
0.0000 0.0000
46 46
20.8360
0.3538 0.2510 0.9017 0.1480 0.9427 0.4935 0.6577 0.6294 0.9633 0.0837 0.3043 0.6655 0.9000 0.0189 0.2147 0.7154 0.2455 0.5884 0.9261 0.8506 0.2942 0.5403 0.2152 0.8872 0.1382 0.5670 0.6268 0.2857 0.2048 0.6910 0.8212 0.9822 0.0585 0.1524 0.7668 0.3849 0.2756 0.9394 0.0386 0.2251 0.4425 0.1798 0.8820 0.1084 0.7280 0.7249
50 50
18.4793
0.3313 0.5650 0.7677 0.2917 0.2560 0.3629 0.6894 0.8886 0.3148 0.3833 0.1185 0.1529 0.7656 0.8819 0.0455 0.1758 0.4261 0.2409 0.9303 0.0528 0.7422 0.1454 0.7382 0.1064 0.2086 0.6138 0.5464 0.2448 0.6774 0.4337 0.2996 0.3041 0.0133 0.9688 0.2019 0.1329 0.9826 0.0631 0.9460 0.8444 0.1548 0.8691 0.7222 0.8762 0.6313 0.6144 0.0900 0.0959 0.1728 0.4494
47 47
17.5698
0.3638 0.3667 0.7350 0.9685 0.0023 0.9145 0.1193 0.9420 0.9299 0.6233 0.2771 0.5936 0.2160 0.3528 0.3971 0.9394 0.1367 0.9035 0.7038 0.5486 0.2886 0.3623 0.3378 0.2408 0.0264 0.5790 0.3917 0.2565 0.4669 0.5504 0.3149 0.1833 0.2184 0.7303 0.0847 0.0659 0.9171 0.6337 0.6809 0.0991 0.9725 0.0969 0.9243 0.7889 0.5457 0.2354 0.7101
50 50
19.9659
0.2906 0.7269 0.2920 0.1827 0.0686 0.3932 0.9065 0.7847 0.7330 0.3336 0.3767 0.1510 0.8694 0.0627 0.1364 0.8380 0.9847 0.8270 0.4963 0.4212 0.4428 0.8026 0.8890 0.5442 0.9654 0.6441 0.8082 0.5176 0.4651 0.5670 0.0473 0.8843 0.5967 0.8178 0.3423 0.9529 0.5185 0.7803 0.1403 0.8337 0.4748 0.1421 0.0971 0.9240 0.4386 0.9358 0.1768 0.4066 0.0534 0.7187
50 50
0.6901
0.3512 0.7742 0.1090 0.1761 0.3724 0.3337 0.8871 0.2443 0.6986 0.7744 0.9926 0.0863 0.5160 0.7255 0.2791 0.6196 0.0539 0.8928 0.9438 0.7417 0.3303 0.9641 0.9318 0.6759 0.7205 0.2187 0.5109 0.7287 0.8091 0.0770 0.0932 0.3158 0.2215 0.1842 0.8733 0.7951 0.8265 0.3483 0.5983 0.6915 0.0857 0.5154 0.8764 0.2683 0.1546 0.0507 0.2665 0.2108 0.1224 0.6598
48 48
18.2665
0.7032 0.4379 0.8418 0.0257 0.2976 0.9725 0.2059 0.9117 0.6530 0.4971 0.4167 0.6888 0.1118 0.9030 0.5490 0.5622 0.1714 0.0011 0.7358 0.7633 0.4258 0.2547 0.1939 0.2111 0.2368 0.0519 0.4839 0.1449 0.6541 0.4973 0.5685 0.8661 0.1097 0.4507 0.8517 0.0404 0.3539 0.5476 0.6800 0.2205 0.5618 0.2825 0.5957 0.7880 0.9614 0.9329 0.0665 0.7218
49 49
17.5290
0.7467 0.8687 0.0074 0.5802 0.5500 0.9006 0.8040 0.9251 0.3889 0.1409 0.8876 0.3661 0.0577 0.7562 0.0725 0.6252 0.0254 0.0113 0.8017 0.3111 0.1557 0.1125 0.4033 0.8000 0.9961 0.3533 0.8523 0.7402 0.7256 0.1118 0.0641 0.0135 0.2739 0.8263 0.8028 0.4516 0.7513 0.9265 0.6450 0.9062 0.1811 0.8127 0.8236 0.8245 0.8665 0.9899 0.3277 0.7748 0.3664
49 49
2.2603
0.4795 0.7444 0.5095 0.1679 0.8561 0.6857 0.4606 0.8691 0.1160 0.5154 0.7064 0.2831 0.5165 0.5337 0.7481 0.7961 0.7694 0.6125 0.3106 0.3850 0.4379 0.8491 0.4581 0.6873 0.8378 0.2368 0.0706 0.7932 0.2017 0.0739 0.2235 0.5347 0.6942 0.2062 0.5352 0.0852 0.5509 0.1762 0.3545 0.8354 0.7001 0.9229 0.1329 0.4266 0.2869 0.4856 0.7213 0.7809 0.6047
50 50
1.0000
0.0000 0.0000 0.0000 0.0000 0.0000 0.0000 0.0000 0.0000 0.0000 0.0000 0.0000 0.0000 0.0000 0.0000 0.0000 0.0000 0.0000 0.0000 0.0000 0.0000 0.0000 0.0000 0.0000 0.0000 0.0000 0.0000 0.0000 0.0000 0.0000 0.0000 0.0000 0.0000 0.0000 0.0000 0.0000 0.0000 0.0000 0.0000 0.0000 0.0000 0.0000 0.0000 0.0000 0.0000 0.0000 0.0000 0.0000 0.0000 0.0000 0.0000
4 4
1.3999
0.7000 0.5000 0.6000 0.8000
50 50
22.7529
0.3285 0.4749 0.3121 0.2665 0.0880 0.1216 0.0764 0.1500 0.3402 0.7938 0.0136 0.4397 0.0954 0.9823 0.0337 0.6811 0.0016 0.4996 0.2590 0.7348 0.3729 0.0339 0.8748 0.0525 0.7923 0.1593 0.4412 0.7146 0.7306 0.1383 0.1738 0.8864 0.4406 0.5478 0.1191 0.1290 0.1869 0.9572 0.7668 0.4539 0.3869 0.1396 0.2102 0.1746 0.3573 0.8912 0.4112 0.1557 0.7059 0.3032
47 47
15.2065
0.2114 0.5268 0.8038 0.2260 0.5407 0.5198 0.4768 0.5243 0.6574 0.2230 0.3355 0.8864 0.5412 0.5740 0.7120 0.9199 0.2514 0.4371 0.3077 0.9153 0.3013 0.7468 0.3625 0.5127 0.7357 0.1493 0.3851 0.8793 0.8347 0.1952 0.9747 0.4216 0.2796 0.2697 0.3425 0.2806 0.6173 0.7500 0.7247 0.9780 0.2075 0.8482 0.9554 0.8522 0.7943 0.3542 0.0867
50 50
18.1090
0.9586 0.1499 0.1255 0.8521 0.3659 0.2182 0.6316 0.7952 0.1234 0.2703 0.9985 0.4668 0.5420 0.1053 0.8677 0.5571 0.3761 0.6815 0.5248 0.0593 0.8902 0.1745 0.8506 0.7889 0.5663 0.4297 0.0823 0.2647 0.1135 0.5440 0.2682 0.9559 0.1046 0.9050 0.8264 0.6826 0.9464 0.2389 0.6511 0.9801 0.5063 0.6437 0.1091 0.4705 0.3081 0.1224 0.3613 0.7563 0.7651 0.2425
45 45
15.4592
0.6204 0.7483 0.8148 0.8883 0.2182 0.7322 0.5090 0.0125 0.4244 0.8194 0.4050 0.5873 0.9471 0.8106 0.3832 0.4699 0.1500 0.3916 0.5332 0.5834 0.1614 0.0214 0.2436 0.2903 0.2184 0.9182 0.9669 0.3097 0.6564 0.0988 0.0866 0.0528 0.8743 0.6249 0.5405 0.7590 0.6236 0.5929 0.7934 0.4318 0.5196 0.5462 0.0347 0.5882 0.1603
47 47
0.5837
0.2637 0.3950 0.1457 0.3682 0.4499 0.6586 0.3602 0.4096 0.8003 0.7619 0.7999 0.4186 0.2976 0.2916 0.5064 0.5026 0.5603 0.7012 0.6696 0.7167 0.5956 0.8177 0.0343 0.4740 0.5646 0.3793 0.9918 0.0304 0.3154 0.1291 0.9137 0.8283 0.0082 0.5373 0.8463 0.6131 0.7741 0.8867 0.2756 0.1213 0.8738 0.6248 0.7970 0.6048 0.7335 0.8207 0.9160
48 48
17.2527
0.3388 0.9172 0.4186 0.7580 0.0292 0.5794 0.4942 0.6538 0.3997 0.1063 0.6898 0.5782 0.7431 0.5705 0.0642 0.5199 0.6043 0.0531 0.0274 0.2409 0.7434 0.5339 0.4728 0.0628 0.4912 0.4076 0.0756 0.9018 0.3411 0.4450 0.3248 0.0475 0.7614 0.2654 0.6318 0.6850 0.0528 0.9593 0.4682 0.5874 0.7498 0.8539 0.7051 0.8115 0.7172 0.6870 0.6777 0.6291
49 49
17.4018
0.2613 0.3960 0.2362 0.4894 0.8128 0.8190 0.7728 0.8414 0.3882 0.6043 0.0655 0.1537 0.0993 0.5695 0.1105 0.2529 0.6552 0.0290 0.7984 0.5346 0.1393 0.2227 0.2064 0.6060 0.1131 0.3571 0.8303 0.8752 0.8540 0.1283 0.4984 0.4928 0.4274 0.5719 0.6679 0.9248 0.4102 0.0124 0.4961 0.9523 0.4311 0.7682 0.7257 0.9009 0.7826 0.5890 0.1424 0.4150 0.1501
50 50
0.0000
0.0000 0.0000 0.0000 0.0000 0.0000 0.0000 0.0000 0.0000 0.0000 0.0000 0.0000 0.0000 0.0000 0.0000 0.0000 0.0000 0.0000 0.0000 0.0000 0.0000 0.0000 0.0000 0.0000 0.0000 0.0000 0.0000 0.0000 0.0000 0.0000 0.0000 0.0000 0.0000 0.0000 0.0000 0.0000 0.0000 0.0000 0.0000 0.0000 0.0000 0.0000 0.0000 0.0000 0.0000 0.0000 0.0000 0.0000 0.0000 0.0000 0.0000
1 1
1.0000
0.0000
50 50
20.0352
0.2899 0.3699 0.0708 0.9232 0.1912 0.0789 0.3827 0.4512 0.1190 0.1274 0.3011 0.2324 0.5978 0.2559 0.0666 0.6731 0.0496 0.9154 0.7940 0.9986 0.1752 0.1770 0.6094 0.0726 0.2418 0.4969 0.1993 0.8653 0.0803 0.6974 0.0194 0.9657 0.0099 0.1203 0.9008 0.0883 0.7585 0.9909 0.5879 0.1976 0.6245 0.6632 0.6230 0.4096 0.6968 0.1497 0.8217 0.8707 0.0464 0.0071
50 50
19.3516
0.1100 0.4216 0.3368 0.3089 0.8879 0.6593 0.6181 0.7230 0.9236 0.3132 0.5270 0.5008 0.9656 0.0898 0.4591 0.8185 0.6809 0.8045 0.9756 0.4295 0.8367 0.5859 0.0545 0.3830 0.3406 0.4812 0.9534 0.2339 0.2847 0.4796 0.6196 0.8540 0.9121 0.0422 0.4765 0.0712 0.1862 0.9365 0.5645 0.7187 0.0524 0.2692 0.3966 0.0021 0.2120 0.0965 0.5502 0.9980 0.0413 0.3720
48 48
17.3159
0.1297 0.8639 0.3614 0.9557 0.5147 0.5962 0.5625 0.3330 0.9210 0.6676 0.7483 0.1226 0.8201 0.0065 0.2172 0.4398 0.1269 0.2343 0.3743 0.7011 0.0158 0.1671 0.0558 0.4922 0.4158 0.9438 0.4634 0.7542 0.0623 0.0036 0.1954 0.4304 0.4549 0.5636 0.2889 0.1466 0.5001 0.6476 0.1548 0.8450 0.2860 0.5749 0.5799 0.5714 0.9873 0.7931 0.7264 0.3362
50 50
17.5015
0.3611 0.8012 0.2268 0.3620 0.3218 0.0260 0.3352 0.5598 0.2377 0.0928 0.2534 0.6313 0.2698 0.6191 0.9322 0.2966 0.7661 0.2693 0.6988 0.9764 0.1839 0.4242 0.9522 0.6581 0.2206 0.9549 0.6498 0.9892 0.4759 0.5648 0.7124 0.8928 0.2187 0.4963 0.4800 0.8642 0.3804 0.1138 0.6098 0.4479 0.5170 0.9823 0.6830 0.3053 0.5926 0.7668 0.1814 0.1617 0.7101 0.3834
1 1
0.5000
0.5000
50 50
0.0000
1.0000 1.0000 1.0000 1.0000 1.0000 1.0000 1.0000 1.0000 1.0000 1.0000 1.0000 1.0000 1.0000 1.0000 1.0000 1.0000 1.0000 1.0000 1.0000 1.0000 1.0000 1.0000 1.0000 1.0000 1.0000 1.0000 1.0000 1.0000 1.0000 1.0000 1.0000 1.0000 1.0000 1.0000 1.0000 1.0000 1.0000 1.0000 1.0000 1.0000 1.0000 1.0000 1.0000 1.0000 1.0000 1.0000 1.0000 1.0000 1.0000 1.0000
1 1
0.0000
1.0000
45 45
15.7158
0.7195 0.1778 0.8674 0.8892 0.5983 0.0575 0.2294 0.9671 0.3058 0.0379 0.1883 0.5179 0.9508 0.2314 0.2615 0.5874 0.6212 0.9502 0.1418 0.0432 0.9472 0.1495 0.8968 0.1876 0.8771 0.3388 0.2799 0.2942 0.4367 0.3773 0.4226 0.7442 0.2168 0.7591 0.7020 0.8464 0.7723 0.0532 0.4118 0.8468 0.1269 0.3975 0.9202 0.1650 0.2900
45 45
15.8574
0.4162 0.1348 0.3727 0.9101 0.3577 0.5004 0.6032 0.8127 0.2673 0.3477 0.6304 0.0744 0.7872 0.9339 0.6521 0.0063 0.0620 0.4249 0.3656 0.5621 0.8440 0.5046 0.8400 0.7976 0.2294 0.5558 0.5767 0.4692 0.5712 0.0087 0.0823 0.6146 0.6040 0.0071 0.3745 0.8481 0.5094 0.5778 0.5816 0.4912 0.3841 0.8531 0.7248 0.3813 0.7200
45 45
18.3038
0.0370 0.2002 0.6304 0.2618 0.2203 0.3550 0.2482 0.3902 0.7925 0.0469 0.5222 0.4964 0.5624 0.6276 0.0644 0.1512 0.7929 0.7782 0.0543 0.2592 0.8501 0.9081 0.6090 0.0380 0.7250 0.2477 0.0258 0.0602 0.6398 0.4063 0.6480 0.8482 0.9684 0.6879 0.2076 0.2684 0.3941 0.5514 0.1637 0.9502 0.3402 0.3143 0.9886 0.0855 0.7492
50 50
20.3069
0.6018 0.0165 0.3921 0.9717 0.8888 0.4559 0.3319 0.0227 0.8182 0.1656 0.0584 0.7053 0.2619 0.7018 0.8453 0.7077 0.9234 0.3628 0.4554 0.1650 0.0317 0.7722 0.4091 0.8645 0.6364 0.5103 0.2137 0.0006 0.4672 0.0089 0.1311 0.4370 0.5701 0.0400 0.8459 0.0740 0.4667 0.1992 0.9351 0.4368 0.5416 0.9581 0.0504 0.0039 0.5816 0.2563 0.3078 0.1561 0.5945 0.3362
50 50
0.0000
0.3333 0.3333 0.3333 0.3333 0.3333 0.3333 0.3333 0.3333 0.3333 0.3333 0.3333 0.3333 0.3333 0.3333 0.3333 0.3333 0.3333 0.3333 0.3333 0.3333 0.3333 0.3333 0.3333 0.3333 0.3333 0.3333 0.3333 0.3333 0.3333 0.3333 0.3333 0.3333 0.3333 0.3333 0.3333 0.3333 0.3333 0.3333 0.3333 0.3333 0.3333 0.3333 0.3333 0.3333 0.3333 0.3333 0.3333 0.3333 0.3333 0.3333
50 50
33.3350
0.3333 0.3333 0.3333 0.3333 0.3333 0.3333 0.3333 0.3333 0.3333 0.3333 0.3333 0.3333 0.3333 0.3333 0.3333 0.3333 0.3333 0.3333 0.3333 0.3333 0.3333 0.3333 0.3333 0.3333 0.3333 0.3333 0.3333 0.3333 0.3333 0.3333 0.3333 0.3333 0.3333 0.3333 0.3333 0.3333 0.3333 0.3333 0.3333 0.3333 0.3333 0.3333 0.3333 0.3333 0.3333 0.3333 0.3333 0.3333 0.3333 0.3333
50 50
19.2831
0.1742 0.9740 0.7903 0.9859 0.7392 0.6661 0.6013 0.6586 0.8577 0.7101 0.3166 0.5526 0.2381 0.5966 0.9040 0.1995 0.7324 0.0874 0.8741 0.3823 0.2190 0.1650 0.4066 0.7286 0.1956 0.4402 0.6164 0.1729 0.2066 0.8144 0.3557 0.2864 0.3545 0.5724 0.5035 0.7975 0.7446 0.9652 0.3852 0.2547 0.4347 0.5668 0.9839 0.8564 0.2689 0.4124 0.0689 0.5357 0.6409 0.1287
48 48
15.4408
0.4754 0.5429 0.8080 0.4180 0.5281 0.3384 0.3891 0.8715 0.7841 0.6799 0.6667 0.8614 0.8445 0.2615 0.7024 0.7634 0.3302 0.7920 0.8530 0.1815 0.6437 0.3725 0.7279 0.7743 0.7700 0.1448 0.9931 0.1842 0.4564 0.4824 0.6260 0.9082 0.1828 0.6134 0.2938 0.2539 0.8875 0.4606 0.3449 0.5793 0.2270 0.0183 0.6835 0.2114 0.1439 0.4103 0.5369 0.7839
48 48
16.9680
0.3823 0.1952 0.8935 0.4282 0.7059 0.6217 0.0356 0.6399 0.7411 0.2863 0.2248 0.4677 0.0767 0.9500 0.4410 0.8950 0.7793 0.5387 0.6919 0.2388 0.7103 0.4156 0.7116 0.8047 0.0873 0.6863 0.6839 0.5742 0.7681 0.6013 0.5392 0.4093 0.9843 0.5505 0.2564 0.8204 0.5813 0.9035 0.7346 0.7167 0.6140 0.7540 0.1155 0.3651 0.8291 0.0331 0.8579 0.1233
4 4
0.0001
0.0000 0.0000 0.0000 0.0000
50 50
20.7977
0.0059 0.8688 0.3458 0.3211 0.3509 0.0761 0.2664 0.7845 0.3452 0.5865 0.0023 0.4527 0.3635 0.1559 0.4809 0.5277 0.5672 0.1561 0.0468 0.4591 0.1314 0.0893 0.1386 0.6607 0.5709 0.2571 0.0072 0.8354 0.0135 0.0065 0.7249 0.4555 0.6581 0.6896 0.2270 0.4367 0.1175 0.9361 0.0415 0.0400 0.8229 0.4909 0.6433 0.1341 0.7912 0.6388 0.9943 0.5180 0.2016 0.2433
49 49
25.1174
0.5000 0.5308 0.0843 0.2969 0.1256 0.3962 0.0122 0.5945 0.2991 0.3813 0.5334 0.1696 0.2174 0.8140 0.5053 0.8988 0.9322 0.5575 0.5143 0.6756 0.6837 0.7244 0.7834 0.4610 0.0801 0.6149 0.5987 0.0771 0.5047 0.8972 0.2365 0.0896 0.5610 0.1104 0.7837 0.5020 0.6156 0.8427 0.9886 0.2823 0.7974 0.6230 0.3113 0.0851 0.1182 0.4865 0.9767 0.3499 0.0569
45 45
17.1884
0.9363 0.3485 0.1558 0.4440 0.7491 0.0789 0.7339 0.0500 0.9020 0.3997 0.4903 0.6497 0.9518 0.0248 0.6423 0.0584 0.3913 0.8066 0.5939 0.0204 0.6491 0.0468 0.8816 0.5844 0.5402 0.8137 0.1754 0.2362 0.0060 0.3937 0.8265 0.7249 0.2635 0.2397 0.7919 0.7922 0.8035 0.7500 0.8520 0.8006 0.2162 0.1656 0.8027 0.3689 0.7004
50 50
0.0050
0.9999 0.9999 0.9999 0.9999 0.9999 0.9999 0.9999 0.9999 0.9999 0.9999 0.9999 0.9999 0.9999 0.9999 0.9999 0.9999 0.9999 0.9999 0.9999 0.9999 0.9999 0.9999 0.9999 0.9999 0.9999 0.9999 0.9999 0.9999 0.9999 0.9999 0.9999 0.9999 0.9999 0.9999 0.9999 0.9999 0.9999 0.9999 0.9999 0.9999 0.9999 0.9999 0.9999 0.9999 0.9999 0.9999 0.9999 0.9999 0.9999 0.9999
47 47
18.4469
0.3716 0.3771 0.7736 0.4609 0.6496 0.7408 0.8783 0.4495 0.0916 0.5792 0.4619 0.3167 0.7287 0.2070 0.8981 0.1057 0.4483 0.1761 0.1222 0.8843 0.1999 0.9991 0.8048 0.2573 0.9270 0.8821 0.2786 0.4575 0.3381 0.6657 0.6274 0.0217 0.4299 0.3926 0.0907 0.0786 0.9496 0.7326 0.6148 0.7432 0.6400 0.6208 0.3489 0.8566 0.6975 0.0091 0.9840
48 48
15.7943
0.4870 0.1400 0.7950 0.4570 0.1766 0.7797 0.0010 0.5219 0.6620 0.8718 0.9977 0.3834 0.8815 0.7449 0.0375 0.0148 0.1776 0.7547 0.7207 0.8102 0.3815 0.5413 0.9027 0.2627 0.3647 0.8774 0.5553 0.7588 0.9251 0.8772 0.7836 0.1019 0.9000 0.2384 0.8996 0.9905 0.0662 0.0097 0.1905 0.2007 0.3610 0.2140 0.3839 0.2998 0.9102 0.0214 0.6839 0.3956
49 49
20.6435
0.9285 0.1559 0.1370 0.3682 0.3593 0.0201 0.3064 0.2375 0.1862 0.7792 0.4600 0.7319 0.5188 0.1966 0.0283 0.9694 0.5510 0.7138 0.3112 0.7734 0.1476 0.1043 0.4816 0.6774 0.7191 0.8522 0.8334 0.2756 0.1735 0.8849 0.1001 0.8615 0.7130 0.4073 0.4933 0.2681 0.3453 0.9395 0.5581 0.7890 0.7416 0.9020 0.9011 0.6669 0.8235 0.0873 0.4184 0.7263 0.5298
49 49
14.5726
0.8302 0.5326 0.2322 0.4785 0.5291 0.5796 0.3505 0.4132 0.9846 0.4950 0.4320 0.8495 0.7319 0.8941 0.6762 0.2117 0.4087 0.8736 0.7557 0.1442 0.6856 0.7575 0.8126 0.9605 0.9958 0.5983 0.4315 0.9105 0.7050 0.5497 0.9693 0.9538 0.3975 0.0077 0.9532 0.7642 0.9240 0.5979 0.9932 0.7328 0.1219 0.3475 0.2158 0.9955 0.4973 0.8103 0.0574 0.7091 0.9855
50 50
19.1322
0.4654 0.2370 0.3089 0.1739 0.5977 0.5252 0.1519 0.8302 0.5385 0.5176 0.2902 0.4372 0.0957 0.7888 0.8518 0.9420 0.8806 0.4543 0.4451 0.5441 0.3026 0.9386 0.9137 0.2104 0.5171 0.9295 0.5851 0.6538 0.8891 0.1626 0.6674 0.0691 0.5872 0.1398 0.6191 0.1340 0.4782 0.3348 0.2368 0.5878 0.6485 0.8718 0.7497 0.4981 0.0230 0.5849 0.5486 0.4421 0.6797 0.3952
49 49
16.8643
0.9523 0.4838 0.9563 0.5895 0.5392 0.4396 0.1778 0.5904 0.5709 0.8633 0.3447 0.7600 0.0023 0.1172 0.0285 0.2729 0.9108 0.7329 0.4869 0.3532 0.6544 0.7273 0.7463 0.4611 0.5926 0.5632 0.4944 0.2386 0.0006 0.2093 0.3243 0.1862 0.3013 0.9107 0.8625 0.4908 0.9556 0.3502 0.1412 0.4051 0.5374 0.5212 0.8442 0.6009 0.2388 0.9278 0.5262 0.4607 0.8433
48 48
16.9322
0.8711 0.6425 0.5094 0.6749 0.0701 0.4903 0.0118 0.6960 0.4878 0.7930 0.0035 0.1538 0.5425 0.3658 0.7953 0.9742 0.4154 0.1847 0.5056 0.2257 0.8762 0.8373 0.2520 0.0442 0.6055 0.7384 0.7956 0.0993 0.7294 0.8315 0.2238 0.6122 0.6857 0.9474 0.3073 0.7075 0.7046 0.3280 0.4821 0.4251 0.3133 0.6025 0.0153 0.2608 0.3588 0.6496 0.5933 0.7380
45 45
21.5359
0.5489 0.5658 0.1848 0.9237 0.3671 0.1404 0.8693 0.4156 0.5732 0.3181 0.8924 0.9946 0.4631 0.0119 0.7312 0.3551 0.5988 0.3212 0.0143 0.3656 0.8231 0.9511 0.9259 0.8935 0.3326 0.0900 0.8541 0.8698 0.0997 0.6817 0.6922 0.4139 0.4491 0.9546 0.5321 0.0097 0.6775 0.5997 0.2500 0.6047 0.0515 0.1642 0.4380 0.3823 0.4973
1 1
0.3333
0.5000
49 49
25.3404
0.5639 0.7872 0.6143 0.5701 0.4607 0.6814 0.4808 0.9471 0.2454 0.9624 0.2107 0.1561 0.7620 0.3323 0.2279 0.6031 0.6901 0.3387 0.8315 0.2691 0.8593 0.1073 0.6127 0.9413 0.1032 0.3795 0.3998 0.2511 0.0623 0.1687 0.4970 0.3507 0.1354 0.7081 0.7240 0.1661 0.6776 0.2029 0.6340 0.6812 0.4390 0.3672 0.7929 0.3280 0.0509 0.4621 0.4316 0.5474 0.3917
47 47
2.2784
0.8840 0.8278 0.3204 0.2816 0.8489 0.3553 0.7939 0.1902 0.6506 0.3364 0.3635 0.1539 0.9042 0.1370 0.6483 0.5519 0.8193 0.3084 0.1427 0.4923 0.9770 0.7958 0.2346 0.1005 0.1259 0.4495 0.9963 0.7511 0.0239 0.1664 0.6587 0.6562 0.7586 0.1637 0.5550 0.1028 0.4354 0.8156 0.1305 0.6641 0.9917 0.9056 0.1277 0.9460 0.6852 0.0708 0.8419
46 46
16.8795
0.9509 0.3841 0.7953 0.4047 0.3386 0.8384 0.6914 0.1378 0.2951 0.9200 0.8658 0.1742 0.1647 0.9858 0.2296 0.9585 0.7129 0.9399 0.2840 0.4386 0.5020 0.9706 0.6816 0.3057 0.6017 0.1835 0.0042 0.0996 0.7051 0.5404 0.2008 0.2014 0.4567 0.8804 0.4525 0.9758 0.4903 0.4848 0.9901 0.8862 0.8266 0.3934 0.6530 0.4048 0.2177 0.1440
50 50
19.2450
0.3983 0.9096 0.7759 0.7150 0.1138 0.8959 0.1162 0.1211 0.3611 0.5300 0.1135 0.3864 0.4700 0.8862 0.1488 0.4010 0.2495 0.5853 0.8788 0.9958 0.9339 0.6595 0.2135 0.5613 0.5023 0.5060 0.2286 0.4365 0.1609 0.8532 0.6381 0.5975 0.0074 0.2822 0.6149 0.6104 0.0099 0.5298 0.0205 0.3951 0.5722 0.4004 0.2247 0.6183 0.4879 0.1132 0.9018 0.8262 0.2649 0.5190
46 46
19.0252
0.2841 0.3959 0.5285 0.3041 0.2326 0.7337 0.8880 0.5575 0.5893 0.1616 0.8326 0.5837 0.8934 0.6620 0.1196 0.0730 0.1902 0.8449 0.6501 0.8511 0.3912 0.0608 0.8510 0.8782 0.6772 0.2417 0.4011 0.0902 0.3617 0.5419 0.4990 0.0742 0.7957 0.7271 0.2400 0.7771 0.3285 0.3928 0.0675 0.1845 0.5131 0.6380 0.2944 0.2577 0.2327 0.1524
47 47
20.4059
0.5594 0.7884 0.6720 0.4626 0.1058 0.8774 0.8548 0.6761 0.6529 0.3769 0.7479 0.4051 0.3449 0.2193 0.6282 0.6100 0.7503 0.4287 0.8819 0.3434 0.5005 0.0037 0.2325 0.8721 0.0041 0.7184 0.4251 0.1226 0.5514 0.0574 0.0812 0.5402 0.8973 0.7193 0.4439 0.0703 0.1929 0.4390 0.5565 0.8727 0.7645 0.1020 0.0741 0.8916 0.7939 0.2843 0.4246
2 2
0.0000
1.0000 1.0000
50 50
0.0000
0.8765 0.8765 0.8765 0.8765 0.8765 0.8765 0.8765 0.8765 0.8765 0.8765 0.8765 0.8765 0.8765 0.8765 0.8765 0.8765 0.8765 0.8765 0.8765 0.8765 0.8765 0.8765 0.8765 0.8765 0.8765 0.8765 0.8765 0.8765 0.8765 0.8765 0.8765 0.8765 0.8765 0.8765 0.8765 0.8765 0.8765 0.8765 0.8765 0.8765 0.8765 0.8765 0.8765 0.8765 0.8765 0.8765 0.8765 0.8765 0.8765 0.8765
45 45
18.2652
0.7176 0.0441 0.4570 0.0825 0.9750 0.8423 0.6639 0.2526 0.0362 0.8350 0.1173 0.5827 0.5561 0.3099 0.7887 0.1124 0.1032 0.6575 0.2201 0.5502 0.0261 0.0358 0.5635 0.8776 0.4714 0.6655 0.1304 0.0422 0.0179 0.1662 0.0140 0.5749 0.0325 0.9494 0.6770 0.2346 0.1013 0.4542 0.3490 0.9037 0.9755 0.1459 0.1368 0.9666 0.2590
50 50
25.5431
0.8359 0.9393 0.7297 0.4515 0.7073 0.4240 0.9496 0.5316 0.4694 0.8211 0.0617 0.4871 0.6639 0.2895 0.7201 0.2296 0.4468 0.3742 0.0883 0.8114 0.3557 0.0571 0.5288 0.1271 0.2481 0.8614 0.0680 0.0494 0.9683 0.8610 0.0309 0.2798 0.5140 0.0510 0.1621 0.3219 0.5782 0.4948 0.1632 0.2069 0.4084 0.3641 0.6726 0.8398 0.9746 0.4036 0.7447 0.2892 0.2927 0.3515
48 48
21.4333
0.0787 0.3197 0.8759 0.1963 0.3234 0.3333 0.2969 0.8255 0.5199 0.9847 0.2444 0.4289 0.1062 0.5114 0.5233 0.8782 0.1225 0.2590 0.0223 0.6919 0.3369 0.4045 0.4079 0.2128 0.6926 0.4300 0.8065 0.6890 0.3656 0.9489 0.3897 0.0502 0.5424 0.1702 0.7602 0.2488 0.8646 0.0683 0.5041 0.0343 0.7595 0.1291 0.3531 0.9991 0.1168 0.0381 0.0317 0.9509
