100
2 1
500 300
900
660
2 1
500 300
1500
809
2 2
50 100
450 449
1100 1101
2 1
500 300
300
500
1 8
10
11 13 17 11 16 14 12 18
1 6
1
420 374 429 440 400 397
1 7
2
18 2 2 2 22 2 2
1 6
20819
935481 913066 999162 937715 985626 995867
1 5
176075
330968 947142 452197 896453 582550
1 8
6
8423 8284 8430 7596 7716 8376 7560 9062
1 2
1
1 1
2 4
1 5
2205 2431 2133 2408
11025 10648 9945 11118
1 8
10
3 1 8 4 2 6 5 7
1 1
5
5975
2 6
5 1
9350 8375 8512 7952 8500 8053
1827 1779 1700 1846 1538 1530
2 8
6 3
48 30 42 66 44 66 25 19
12 24 23 9 14 27 27 21
2 4
10 3
46 110 20 28
6 9 15 27
1 8
13307
960423 895749 817787 951138 949596 831398 786553 961660
2 8
7 7
20 30 49 42 20 49 63 49
21 48 28 49 49 77 20 42
1 4
9
14400 13849 15840 15039
2 8
3 8
3248 2400 2558 3600 1650 6794 4656 1890
6160 7948 13708 6428 9600 18380 3600 6400
2 3
10 4
3173 1929 900
733 440 1118
1 5
18481
993258 811223 910279 932971 983157
1 2
8
42 88
1 2
8
5368 5189
2 8
7 4
16800 11200 5040 13642 15998 15761 12576 7560
9309 3520 7357 5280 6400 7655 8978 9600
1 2
10
2000 991
1 1
2
616
1 6
10
9267 13992 4500 2780 22028 5000
1 4
6
12223 12240 11767 11988
1 4
4
872 400 1648 1080
2 5
46566 400393
741176 785794 391385 819738 913629
932890 845431 956355 610419 399132
2 8
6 10
4973 4749 4464 4800 4420 5101 5280 4800
7973 8000 7675 7519 7237 7200 8075 8000
1 5
9
10890 10874 9558 9900 9981
2 8
10 4
3087 6000 4943 7059 1914 1000 8719 3600
1760 835 2982 2400 1832 1276 400 3221
1 6
7
4614 3225 1314 2520 2100 717
1 8
8
32 45 88 50 60 58 64 16
2 5
2 3
1894 5230 3182 1620 2000
3000 4659 2970 7569 2805
1 4
6
6 6 6 54
2 5
8 5
16 8 44 32 88
27 20 10 45 5
1 5
235412
821398 675724 999864 877680 890597
2 8
5 9
55 5 55 5 5 5 5 5
81 9 81 9 9 9 9 9
1 3
1000000
900001 899999 900000
2 2
10 6
1100 21000
12600 540
1 1
6
12
2 3
33892 3612
247213 662752 697663
998145 811717 416642
2 1
9 4
11700
5200
1 5
787201
850942 787325 585211 621636 983732
1 4
498219
966470 250664 892516 979789
2 6
10 3
17000 18700 16019 15517 15300 17184
4649 5409 5286 4590 5100 5610
2 8
49635 104857
331355 730373 962743 869842 960874 847959 861558 609957
462814 669996 671493 912106 649861 865506 986458 863857
2 6
3 2
3 3 3 33 3 33
18 2 2 18 2 2
2 7
3 5
5072 4970 4320 4705 4812 4812 4576
8007 7539 7572 8255 8800 8020 8020
1 1
339294
995962
2 8
5 10
4175 3290 978 2017 1633 3000 500 2750
1000 3231 6000 4500 8198 6605 1804 4157
2 4
4 7
720 361 1715 1093
1929 746 2849 1540
2 8
266617 50471
672770 997656 967678 791182 246526 946644 888242 898651
772237 774239 894073 564969 730300 988929 979534 982457
2 5
2 10
2538 2800 2530 2845 2723
15176 15510 13706 14000 15166
1 4
2
3800 660 1555 809
1 5
9
8102 7290 8119 8109 8228
2 8
5 6
3634 9929 487 3000 12000 5850 4810 9602
13720 12238 3600 585 8580 4672 5572 14400
2 4
2 8
720 417 560 197
1729 2503 3520 767
2 1
4 1
8640
2640
2 8
28116 244803
666574 695958 935725 971236 727670 799198 715528 512611
578079 948745 987963 975148 689311 240809 929281 976274
1 7
8
72 16 88 61 67 56 42
2 6
7 8
7 22 42 49 49 77
72 22 56 8 56 48
1 2
1
1870 1700
1 5
4
4000 1159 1673 3960 7365
2 8
4 8
10156 7040 4863 2000 7589 4769 8874 9910
18292 10287 11520 9391 16079 19478 19468 4000
2 8
5 5
9900 9002 8975 8347 8100 8253 8662 9277
9665 9900 9515 8680 8750 9879 8100 8975
2 3
2 8
628 200 360
1760 800 2187
2 5
10 8
26329 4950 11000 27500 17013
18000 3606 19212 8800 13907
2 7
5 4
5 20 45 15 14 16 5
13 11 4 44 12 16 4
1 6
9
81 39 45 19 44 35
1 2
7
770 1278
1 6
9
9 50 72 99 99 66
1 4
6
4200 13200 9919 14849
1 3
1
4 9 2
1 3
1
319 180 106
1 5
6
647 561 600 557 540
2 5
1 5
373 437 440 384 399
1995 1969 1995 2185 1800
2 3
428092 613620
680513 22499 224850
808191 147979 641350
1 6
1
3 2 3 4 7 11
2 8
6 6
10660 9172 10206 10194 10094 9180 11286 9720
10194 9419 10058 10810 10206 11220 11179 9234
1 8
6
13200 12000 11762 12479 12831 10800 11571 12401
2 8
9 10
16596 17109 17159 17764 15390 17082 17813 15608
19781 20900 19010 19515 17651 20238 18980 18230
2 8
8 1
3976 3672 3794 4240 4488 4167 4187 3968
551 561 470 536 459 496 497 479
1 8
3
540 600 600 635 548 644 540 658
2 7
2 7
978 211 575 1239 800 1260 360
3783 4353 1935 5390 2800 1540 717
1 5
9
1957 1633 2079 1773 1909
2 8
10 4
7561 4000 6438 6513 4500 3256 1895 1024
754 2726 3395 2200 2475 404 1600 1266
2 8
10 8
13420 25000 22231 7000 4379 11077 8741 27500
6661 9124 18000 20000 10474 2942 5600 17904
2 8
9 9
1980 1881 1719 1704 1634 1800 1800 1689
1798 1620 1851 1809 1800 1800 1723 1652
1 7
7
4165 3780 4310 3897 4207 3832 4562
2 4
295389 119793
912742 676824 706233 743050
957699 582667 925206 839465
2 8
1 1
1000000 999999 999998 999997 999996 999995 999994 999993
999992 999991 999990 999989 999988 999987 999986 999985
2 5
10 2
21537 22500 15000 21468 10262
5500 3000 2150 4208 4528
1 4
1
200 110 408 280
2 2
773427 349628
880501 930617
808207 599276
2 8
8 9
8 8 88 8 8 8 88 8
9 9 81 9 81 9 9 9
